# File generated by CMD 3.6 (http://stev.oapd.inaf.it/cmd) on Fri Jan 28 21:28:33 CET 2022
# isochrones based on PARSEC release v1.2S +  COLIBRI S_35
# Basic references: Bressan et al. (2012), MNRAS, 427, 127 + Chen et al. (2014, 2015), MNRAS, 444, 2525 + MNRAS, 452, 1068 + Tang et al. (2014), MNRAS, 445, 4287 + Marigo et al. (2017), ApJ, 835, 77 + Pastorelli al. (2019), MNRAS, 485, 5666
# Thermal pulse cycles included 
# On RGB, assumed Reimers mass loss with efficiency eta=0.2
# Photometric system: LSST ugrizy, July 2019 total filter throughputs for DP0 (all ABmags)
# O-rich circumstellar dpmod60alox40 dust from Groenewegen (2006)
# C-rich circumstellar AMCSIC15 dust from Groenewegen (2006)
# IMF: Chabrier (2001) lognormal 
# Kind of output: isochrone tables
# Zini     MH   logAge Mini        int_IMF         Mass   logL    logTe  logg  label   McoreTP C_O  period0  period1  pmode  Mloss  tau1m   X   Y   Xc  Xn  Xo  Cexcess  Z 	 mbolmag  umag    gmag    rmag    imag    zmag    ymag
0.0002 -1.89055 10.07918 0.0900000036 1.4676543474    0.090 -3.201  3.4878  5.497    1  0.000  0.545     0.00     0.00 -1 -4.71e-17      0.00 7.484e-01 2.514e-01 3.596e-05 9.702e-06 8.799e-05 -1.000 2.000e-04 12.772 21.412 15.899 14.190 12.828 12.357 12.141
0.0002 -1.89055 10.07918 0.0965234712 1.5358288288    0.097 -2.946  3.5254  5.422    1  0.000  0.545     0.00     0.00 -1 -8.91e-17      0.00 7.466e-01 2.532e-01 3.596e-05 9.702e-06 8.800e-05 -1.000 2.000e-04 12.135 18.749 14.622 13.042 12.121 11.754 11.557
0.0002 -1.89055 10.07918 0.1000000015 1.5704020262    0.100 -2.818  3.5443  5.385    1  0.000  0.545     0.00     0.00 -1 -1.23e-16      0.00 7.456e-01 2.542e-01 3.596e-05 9.702e-06 8.800e-05 -1.000 1.999e-04 11.814 17.595 14.018 12.518 11.762 11.438 11.254
0.0002 -1.89055 10.07918 0.1199999973 1.7478251457    0.120 -2.523  3.5751  5.292    1  0.000  0.545     0.00     0.00 -1 -2.46e-16      0.00 7.424e-01 2.574e-01 3.596e-05 9.702e-06 8.800e-05 -1.000 2.000e-04 11.077 15.802 12.883 11.545 10.965 10.698 10.536
0.0002 -1.89055 10.07918 0.1400000006 1.8958495855    0.140 -2.338  3.5898  5.234    1  0.000  0.545     0.00     0.00 -1 -3.72e-16      0.00 7.402e-01 2.596e-01 3.596e-05 9.703e-06 8.800e-05 -1.000 2.000e-04 10.616 14.703 12.198 10.981 10.464 10.217 10.068
0.0002 -1.89055 10.07918 0.1599999964 2.0211524963    0.160 -2.194  3.5994  5.185    1  0.000  0.545     0.00     0.00 -1 -5.14e-16      0.00 7.387e-01 2.611e-01 3.596e-05 9.703e-06 8.800e-05 -1.000 1.999e-04 10.255 13.835 11.650 10.545 10.074 9.846 9.709
0.0002 -1.89055 10.07918 0.2000000179 2.2217824459    0.200 -1.973  3.6115  5.110    1  0.000  0.545     0.00     0.00 -1 -8.32e-16      0.00 7.379e-01 2.619e-01 3.596e-05 9.703e-06 8.800e-05 -1.000 2.000e-04 9.704 13.043 10.979 9.951 9.512 9.300 9.174
0.0002 -1.89055 10.07918 0.2500000000 2.4080901146    0.250 -1.772  3.6225  5.050    1  0.000  0.545     0.00     0.00 -1 -1.27e-15      0.00 7.382e-01 2.616e-01 3.596e-05 9.703e-06 8.800e-05 -1.000 2.000e-04 9.201 12.331 10.369 9.411 8.999 8.803 8.686
0.0002 -1.89055 10.07918 0.3000000417 2.5475041866    0.300 -1.618  3.6316  5.011    1  0.000  0.545     0.00     0.00 -1 -1.73e-15      0.00 7.383e-01 2.615e-01 3.595e-05 9.704e-06 8.800e-05 -1.000 2.001e-04 8.815 11.780 9.900 8.993 8.605 8.421 8.312
0.0002 -1.89055 10.07918 0.3499999940 2.6555202007    0.350 -1.491  3.6399  4.985    1  0.000  0.544     0.00     0.00 -1 -2.21e-15      0.00 7.380e-01 2.618e-01 3.592e-05 9.705e-06 8.800e-05 -1.000 2.000e-04 8.497 11.317 9.509 8.647 8.280 8.108 8.007
0.0002 -1.89055 10.07918 0.4000000060 2.7413372993    0.400 -1.364  3.6491  4.952    1  0.000  0.545     0.00     0.00 -1 -2.88e-15      0.00 7.503e-01 2.495e-01 3.596e-05 9.702e-06 8.799e-05 -1.000 2.000e-04 8.179 10.839 9.111 8.299 7.954 7.795 7.702
0.0002 -1.89055 10.07918 0.4500000179 2.8109800816    0.450 -1.207  3.6646  4.908    1  0.000  0.545     0.00     0.00 -1 -4.09e-15      0.00 7.507e-01 2.491e-01 3.596e-05 9.702e-06 8.799e-05 -1.000 2.000e-04 7.787 10.179 8.599 7.863 7.554 7.416 7.337
0.0002 -1.89055 10.07918 0.5000000000 2.8684780598    0.500 -1.031  3.6832  4.853    1  0.000  0.545     0.00     0.00 -1 -6.19e-15      0.00 7.507e-01 2.491e-01 3.596e-05 9.702e-06 8.799e-05 -1.000 2.000e-04 7.348 9.428 8.033 7.383 7.114 6.999 6.935
0.0002 -1.89055 10.07918 0.5500000715 2.9166350365    0.550 -0.825  3.7038  4.770    1  0.000  0.544     0.00     0.00 -1 -1.04e-14      0.00 7.847e-01 2.152e-01 3.136e-05 8.468e-06 7.683e-05 -1.000 1.000e-04 6.832 8.590 7.401 6.837 6.609 6.517 6.468
0.0002 -1.89055 10.07918 0.6000000238 2.9573988914    0.600 -0.615  3.7294  4.701    1  0.000  0.544     0.00     0.00 -1 -1.75e-14      0.00 7.972e-01 2.027e-01 2.975e-05 8.037e-06 7.296e-05 -1.000 1.465e-04 6.308 7.730 6.764 6.299 6.117 6.050 6.021
0.0002 -1.89055 10.07918 0.6082885265 2.9635624886    0.608 -0.579  3.7344  4.690    1  0.000  0.543     0.00     0.00 -1 -1.92e-14      0.00 7.997e-01 2.002e-01 2.942e-05 7.950e-06 7.218e-05 -1.000 1.643e-04 6.217 7.583 6.654 6.208 6.034 5.972 5.946
0.0002 -1.89055 10.07918 0.6192493439 2.9714810848    0.619 -0.530  3.7409  4.675    1  0.000  0.543     0.00     0.00 -1 -2.16e-14      0.00 8.032e-01 1.966e-01 2.897e-05 7.829e-06 7.109e-05 -1.000 1.824e-04 6.095 7.394 6.510 6.087 5.924 5.869 5.847
0.0002 -1.89055 10.07918 0.6298453212 2.9788963795    0.630 -0.482  3.7471  4.660    1  0.000  0.543     0.00     0.00 -1 -2.44e-14      0.00 8.067e-01 1.931e-01 2.852e-05 7.707e-06 7.000e-05 -1.000 1.931e-04 5.976 7.218 6.372 5.971 5.818 5.769 5.751
0.0002 -1.89055 10.07918 0.6396862268 2.9855773449    0.639 -0.438  3.7528  4.645    1  0.000  0.543     0.00     0.00 -1 -1.37e-16      0.00 8.102e-01 1.896e-01 2.807e-05 7.588e-06 6.893e-05 -1.000 1.818e-04 5.864 7.057 6.243 5.863 5.718 5.674 5.660
0.0002 -1.89055 10.07918 0.6488274932 2.9916071892    0.649 -0.396  3.7580  4.630    1  0.000  0.543     0.00     0.00 -1  -1.3e-14      0.00 8.136e-01 1.863e-01 2.764e-05 7.473e-06 6.790e-05 -1.000 1.449e-04 5.760 6.913 6.124 5.761 5.626 5.586 5.576
0.0002 -1.89055 10.07918 0.6499999762 2.9923686981    0.650 -0.390  3.7587  4.628    1  0.000  0.543     0.00     0.00 -1 -3.07e-14      0.00 8.140e-01 1.858e-01 2.758e-05 7.458e-06 6.776e-05 -1.000 1.829e-04 5.746 6.894 6.109 5.748 5.613 5.574 5.564
0.0002 -1.89055 10.07918 0.6553727388 2.9958245754    0.655 -0.366  3.7616  4.618    1  0.000  0.543     0.00     0.00 -1 -3.27e-14      0.00 8.165e-01 1.833e-01 2.726e-05 7.372e-06 6.699e-05 -1.000 2.000e-04 5.684 6.810 6.039 5.687 5.558 5.521 5.513
0.0002 -1.89055 10.07918 0.6674039364 3.0033671856    0.667 -0.309  3.7680  4.595    1  0.000  0.542     0.00     0.00 -1  -3.8e-14      0.00 8.224e-01 1.774e-01 2.650e-05 7.171e-06 6.519e-05 -1.000 1.886e-04 5.542 6.624 5.880 5.550 5.430 5.400 5.396
0.0002 -1.89055 10.07918 0.6784579754 3.0100686550    0.678 -0.255  3.7738  4.572    1  0.000  0.542     0.00     0.00 -1 -3.09e-14      0.00 8.282e-01 1.716e-01 2.575e-05 6.972e-06 6.340e-05 -1.000 1.567e-04 5.409 6.456 5.732 5.421 5.310 5.285 5.284
0.0002 -1.89055 10.07918 0.6889987588 3.0162644386    0.689 -0.203  3.7793  4.548    1  0.000  0.541     0.00     0.00 -1 -7.68e-15      0.00 8.342e-01 1.657e-01 2.499e-05 6.768e-06 6.157e-05 -1.000 1.171e-04 5.277 6.294 5.588 5.293 5.191 5.171 5.173
0.0002 -1.89055 10.07918 0.6988203526 3.0218744278    0.699 -0.152  3.7843  4.523    1  0.000  0.541     0.00     0.00 -1 -2.55e-14      0.00 8.401e-01 1.598e-01 2.423e-05 6.566e-06 5.976e-05 -1.000 1.903e-04 5.150 6.145 5.450 5.170 5.075 5.060 5.065
0.0002 -1.89055 10.07918 0.6999999881 3.0225379467    0.700 -0.146  3.7849  4.520    1  0.000  0.541     0.00     0.00 -1 -5.88e-14      0.00 8.408e-01 1.590e-01 2.414e-05 6.541e-06 5.953e-05 -1.000 2.000e-04 5.135 6.127 5.433 5.155 5.061 5.047 5.052
0.0002 -1.89055 10.07918 0.7092679143 3.0276765823    0.709 -0.095  3.7893  4.493    1  0.000  0.538     0.00     0.00 -1 -6.76e-14      0.00 8.462e-01 1.536e-01 2.345e-05 6.373e-06 5.806e-05 -1.000 1.810e-04 5.008 5.982 5.296 5.031 4.945 4.934 4.942
0.0002 -1.89055 10.07918 0.7177307010 3.0322563648    0.717 -0.046  3.7933  4.465    1  0.000  0.537     0.00     0.00 -1 -7.76e-14      0.00 8.508e-01 1.490e-01 2.288e-05 6.236e-06 5.684e-05 -1.000 1.638e-04 4.886 5.844 5.165 4.911 4.832 4.824 4.835
0.0002 -1.89055 10.07918 0.7260876894 3.0366773605    0.726  0.004  3.7972  4.435    1  0.000  0.535     0.00     0.00 -1 -8.98e-14      0.00 8.550e-01 1.449e-01 2.239e-05 6.118e-06 5.582e-05 -1.000 1.000e-04 4.759 5.706 5.029 4.786 4.713 4.710 4.722
0.0002 -1.89055 10.07918 0.7332658172 3.0403966904    0.733  0.050  3.8004  4.406    1  0.000  0.533     0.00     0.00 -1 -1.03e-13      0.00 8.581e-01 1.418e-01 2.204e-05 6.037e-06 5.512e-05 -1.000 9.999e-05 4.644 5.582 4.905 4.673 4.604 4.604 4.618
0.0002 -1.89055 10.07918 0.7402205467 3.0439336300    0.740  0.098  3.8034  4.375    1  0.000  0.532     0.00     0.00 -1 -1.18e-13      0.00 8.608e-01 1.390e-01 2.175e-05 5.971e-06 5.455e-05 -1.000 1.503e-04 4.526 5.456 4.779 4.555 4.492 4.495 4.510
0.0002 -1.89055 10.07918 0.7471762896 3.0474069118    0.747  0.148  3.8063  4.340    1  0.000  0.530     0.00     0.00 -1 -1.61e-14      0.00 8.633e-01 1.365e-01 2.149e-05 5.913e-06 5.406e-05 -1.000 1.945e-04 4.399 5.322 4.644 4.429 4.370 4.377 4.393
0.0002 -1.89055 10.07918 0.7500000000 3.0487992764    0.749  0.170  3.8074  4.324    1  0.000  0.529     0.00     0.00 -1 -1.47e-13      0.00 8.642e-01 1.356e-01 2.140e-05 5.892e-06 5.388e-05 -1.000 2.000e-04 4.345 5.265 4.587 4.375 4.318 4.326 4.343
0.0002 -1.89055 10.07918 0.7520057559 3.0497820377    0.751  0.185  3.8083  4.314    1  0.000  0.529     0.00     0.00 -1 -1.54e-13      0.00 8.644e-01 1.354e-01 2.141e-05 5.895e-06 5.391e-05 -1.000 1.958e-04 4.306 5.224 4.546 4.337 4.281 4.290 4.307
0.0002 -1.89055 10.07918 0.7585697174 3.0529630184    0.758  0.240  3.8110  4.273    1  0.000  0.529     0.00     0.00 -1 -1.82e-13      0.00 8.650e-01 1.349e-01 2.144e-05 5.906e-06 5.404e-05 -1.000 1.000e-04 4.170 5.083 4.401 4.201 4.150 4.161 4.179
0.0002 -1.89055 10.07918 0.7645759583 3.0558273792    0.764  0.294  3.8132  4.231    1  0.000  0.529     0.00     0.00 -1 -2.15e-13      0.00 8.654e-01 1.345e-01 2.147e-05 5.917e-06 5.415e-05 -1.000 9.996e-05 4.034 4.944 4.258 4.065 4.018 4.031 4.050
0.0002 -1.89055 10.07918 0.7701709867 3.0584566593    0.769  0.348  3.8147  4.187    1  0.000  0.529     0.00     0.00 -1 -2.55e-13      0.00 8.646e-01 1.353e-01 2.165e-05 5.970e-06 5.463e-05 -1.000 9.996e-05 3.900 4.809 4.118 3.930 3.886 3.901 3.921
0.0002 -1.89055 10.07918 0.7740042210 3.0602366924    0.773  0.388  3.8152  4.151    1  0.000  0.529     0.00     0.00 -1 -2.92e-13      0.00 8.636e-01 1.363e-01 2.182e-05 6.016e-06 5.506e-05 -1.000 9.996e-05 3.800 4.710 4.016 3.830 3.787 3.804 3.823
0.0002 -1.89055 10.07918 0.7752045393 3.0607905388    0.774  0.402  3.8151  4.138    1  0.000  0.528     0.00     0.00 -1 -3.06e-13      0.00 8.633e-01 1.366e-01 2.188e-05 6.031e-06 5.519e-05 -1.000 9.993e-05 3.766 4.676 3.981 3.795 3.752 3.768 3.787
0.0002 -1.89055 10.07918 0.7798489332 3.0629179478    0.779  0.458  3.8136  4.077    1  0.000  0.528     0.00     0.00 -1 -3.71e-13      0.00 8.621e-01 1.378e-01 2.208e-05 6.087e-06 5.571e-05 -1.000 1.000e-04 3.624 4.540 3.839 3.651 3.606 3.621 3.639
0.0002 -1.89055 10.07918 0.7833579779 3.0645093918    0.782  0.508  3.8106  4.018    1  0.000  0.528     0.00     0.00 -1 -4.45e-13      0.00 8.613e-01 1.386e-01 2.223e-05 6.129e-06 5.610e-05 -1.000 9.997e-05 3.501 4.425 3.720 3.525 3.476 3.489 3.505
0.0002 -1.89055 10.07918 0.7839543223 3.0647783279    0.783  0.517  3.8099  4.006    1  0.000  0.528     0.00     0.00 -1 -4.61e-13      0.00 8.611e-01 1.388e-01 2.226e-05 6.136e-06 5.616e-05 -1.000 9.999e-05 3.478 4.404 3.699 3.502 3.452 3.464 3.480
0.0002 -1.89055 10.07918 0.7845829725 3.0650615692    0.783  0.527  3.8088  3.992    2  0.000  0.528     0.00     0.00 -1 -4.82e-13      0.00 8.610e-01 1.389e-01 2.229e-05 6.144e-06 5.623e-05 -1.000 9.988e-05 3.452 4.381 3.675 3.475 3.423 3.434 3.450
0.0002 -1.89055 10.07918 0.7866991162 3.0660116673    0.785  0.566  3.8037  3.934    2  0.000  0.528     0.00     0.00 -1 -5.59e-13      0.00 8.604e-01 1.395e-01 2.238e-05 6.169e-06 5.646e-05 -1.000 9.997e-05 3.355 4.300 3.588 3.375 3.316 3.322 3.335
0.0002 -1.89055 10.07918 0.7883204818 3.0667362213    0.787  0.601  3.7973  3.874    2  0.000  0.528     0.00     0.00 -1 -6.48e-13      0.00 8.600e-01 1.399e-01 2.245e-05 6.189e-06 5.664e-05 -1.000 9.997e-05 3.268 4.233 3.514 3.285 3.216 3.215 3.225
0.0002 -1.89055 10.07918 0.7895916700 3.0673022270    0.788  0.632  3.7898  3.813    2  0.000  0.528     0.00     0.00 -1 -7.47e-13      0.00 8.595e-01 1.404e-01 2.254e-05 6.214e-06 5.687e-05 -1.000 1.109e-04 3.189 4.181 3.452 3.202 3.123 3.114 3.120
0.0002 -1.89055 10.07918 0.7906173468 3.0677578449    0.789  0.661  3.7814  3.752    2  0.000  0.529     0.00     0.00 -1 -8.56e-13      0.00 8.554e-01 1.444e-01 2.308e-05 6.360e-06 5.820e-05 -1.000 1.183e-04 3.117 4.142 3.401 3.129 3.036 3.019 3.020
0.0002 -1.89055 10.07918 0.7914784551 3.0681393147    0.790  0.687  3.7730  3.692    2  0.000  0.530     0.00     0.00 -1 -9.73e-13      0.00 8.390e-01 1.609e-01 2.510e-05 6.908e-06 6.313e-05 -1.000 1.242e-04 3.051 4.116 3.357 3.061 2.954 2.929 2.926
0.0002 -1.89055 10.07918 0.7922384739 3.0684752464    0.791  0.714  3.7652  3.635    2  0.000  0.533     0.00     0.00 -1 -1.11e-12      0.00 8.105e-01 1.894e-01 2.842e-05 7.797e-06 7.108e-05 -1.000 1.568e-04 2.985 4.090 3.312 2.993 2.874 2.842 2.833
0.0002 -1.89055 10.07918 0.7929130197 3.0687730312    0.791  0.743  3.7581  3.577    2  0.000  0.535     0.00     0.00 -1 -1.26e-12      0.00 7.918e-01 2.080e-01 3.059e-05 8.376e-06 7.625e-05 -1.000 1.324e-04 2.912 4.061 3.259 2.919 2.789 2.750 2.737
0.0002 -1.89055 10.07918 0.7935814261 3.0690674782    0.792  0.782  3.7517  3.514    2  0.000  0.536     0.00     0.00 -1 -1.48e-12      0.00 7.806e-01 2.192e-01 3.189e-05 8.724e-06 7.936e-05 -1.000 1.856e-04 2.816 4.004 3.183 2.823 2.684 2.638 2.620
0.0002 -1.89055 10.07918 0.7941091061 3.0692996979    0.792  0.820  3.7475  3.459    2  0.000  0.536     0.00     0.00 -1 -1.72e-12      0.00 7.752e-01 2.246e-01 3.252e-05 8.894e-06 8.087e-05 -1.000 1.999e-04 2.721 3.941 3.101 2.728 2.582 2.531 2.511
0.0002 -1.89055 10.07918 0.7944699526 3.0694582462    0.793  0.849  3.7449  3.420    2  0.000  0.536     0.00     0.00 -1 -1.93e-12      0.00 7.723e-01 2.275e-01 3.284e-05 8.980e-06 8.164e-05 -1.000 2.000e-04 2.648 3.888 3.036 2.655 2.504 2.452 2.430
0.0002 -1.89055 10.07918 0.7946340442 3.0695304871    0.793  0.864  3.7439  3.401    3  0.000  0.536     0.00     0.00 -1 -2.05e-12      0.00 7.714e-01 2.285e-01 3.295e-05 9.009e-06 8.191e-05 -1.000 1.104e-04 2.611 3.858 3.001 2.618 2.466 2.412 2.390
0.0002 -1.89055 10.07918 0.7950744033 3.0697236061    0.793  0.906  3.7417  3.350    3  0.000  0.537     0.00     0.00 -1 -2.38e-12      0.00 7.689e-01 2.309e-01 3.321e-05 9.079e-06 8.253e-05 -1.000 2.000e-04 2.505 3.770 2.903 2.512 2.356 2.300 2.276
0.0002 -1.89055 10.07918 0.7955561280 3.0699348450    0.794  0.956  3.7393  3.291    3  0.000  0.537     0.00     0.00 -1 -2.85e-12      0.00 7.665e-01 2.333e-01 3.343e-05 9.136e-06 8.304e-05 -1.000 2.000e-04 2.380 3.662 2.785 2.387 2.228 2.170 2.144
0.0002 -1.89055 10.07918 0.7959651351 3.0701138973    0.794  1.001  3.7376  3.239    3  0.000  0.537     0.00     0.00 -1 -3.36e-12      0.00 7.647e-01 2.351e-01 3.358e-05 9.178e-06 8.341e-05 -1.000 2.000e-04 2.267 3.563 2.676 2.274 2.112 2.052 2.025
0.0002 -1.89055 10.07918 0.7963560820 3.0702848434    0.794  1.048  3.7360  3.186    3  0.000  0.537     0.00     0.00 -1 -3.97e-12      0.00 7.632e-01 2.366e-01 3.370e-05 9.211e-06 8.371e-05 -1.000 2.000e-04 2.151 3.463 2.567 2.159 1.994 1.933 1.905
0.0002 -1.89055 10.07918 0.7967532277 3.0704584122    0.795  1.098  3.7343  3.130    3  0.000  0.537     0.00     0.00 -1 -4.76e-12      0.00 7.614e-01 2.384e-01 3.381e-05 9.243e-06 8.399e-05 -1.000 1.999e-04 2.026 3.354 2.447 2.034 1.866 1.803 1.774
0.0002 -1.89055 10.07918 0.7971181870 3.0706179142    0.795  1.148  3.7328  3.074    3  0.000  0.537     0.00     0.00 -1 -5.69e-12      0.00 7.600e-01 2.398e-01 3.389e-05 9.267e-06 8.419e-05 -1.000 2.000e-04 1.901 3.243 2.327 1.910 1.739 1.675 1.645
0.0002 -1.89055 10.07918 0.7974458933 3.0707607269    0.795  1.196  3.7314  3.019    3  0.000  0.536     0.00     0.00 -1 -6.78e-12      0.00 7.587e-01 2.411e-01 3.394e-05 9.288e-06 8.436e-05 -1.000 2.000e-04 1.779 3.135 2.210 1.789 1.616 1.550 1.519
0.0002 -1.89055 10.07918 0.7977324724 3.0708856583    0.795  1.243  3.7299  2.967    3  0.000  0.536     0.00     0.00 -1 -8.01e-12      0.00 7.576e-01 2.422e-01 3.397e-05 9.308e-06 8.450e-05 -1.000 2.000e-04 1.663 3.034 2.100 1.673 1.498 1.431 1.398
0.0002 -1.89055 10.07918 0.7980116606 3.0710072517    0.795  1.292  3.7284  2.912    3  0.000  0.535     0.00     0.00 -1 -9.55e-12      0.00 7.565e-01 2.433e-01 3.398e-05 9.331e-06 8.461e-05 -1.000 2.000e-04 1.541 2.927 1.982 1.551 1.373 1.304 1.271
0.0002 -1.89055 10.07918 0.7982794642 3.0711238384    0.795  1.343  3.7269  2.855    3  0.000  0.534     0.00     0.00 -1 -1.15e-11      0.00 7.555e-01 2.443e-01 3.395e-05 9.358e-06 8.470e-05 -1.000 2.000e-04 1.412 2.814 1.859 1.423 1.242 1.172 1.137
0.0002 -1.89055 10.07918 0.7985040545 3.0712213516    0.796  1.390  3.7254  2.802    3  0.000  0.533     0.00     0.00 -1 -1.36e-11      0.00 7.547e-01 2.451e-01 3.391e-05 9.393e-06 8.477e-05 -1.000 1.982e-04 1.295 2.713 1.747 1.305 1.122 1.050 1.015
0.0002 -1.89055 10.07918 0.7987089157 3.0713105202    0.796  1.437  3.7239  2.749    3  0.000  0.532     0.00     0.00 -1 -1.61e-11      0.00 7.541e-01 2.457e-01 3.387e-05 9.430e-06 8.483e-05 -1.000 1.991e-04 1.178 2.612 1.636 1.189 1.003 0.930 0.893
0.0002 -1.89055 10.07918 0.7989016175 3.0713942051    0.796  1.485  3.7224  2.695    3  0.000  0.531     0.00     0.00 -1 -1.91e-11      0.00 7.536e-01 2.462e-01 3.382e-05 9.473e-06 8.487e-05 -1.000 2.000e-04 1.057 2.510 1.522 1.069 0.881 0.806 0.768
0.0002 -1.89055 10.07918 0.7990719676 3.0714681149    0.796  1.532  3.7207  2.642    3  0.000  0.530     0.00     0.00 -1 -2.27e-11      0.00 7.532e-01 2.466e-01 3.377e-05 9.515e-06 8.490e-05 -1.000 2.000e-04 0.941 2.414 1.412 0.954 0.763 0.686 0.647
0.0002 -1.89055 10.07918 0.7992339134 3.0715384483    0.796  1.580  3.7191  2.587    3  0.000  0.530     0.00     0.00 -1  -2.7e-11      0.00 7.529e-01 2.469e-01 3.373e-05 9.550e-06 8.493e-05 -1.000 2.000e-04 0.819 2.313 1.298 0.833 0.639 0.561 0.520
0.0002 -1.89055 10.07918 0.7993767262 3.0716004372    0.795  1.627  3.7175  2.533    3  0.000  0.529     0.00     0.00 -1  -3.2e-11      0.00 7.528e-01 2.470e-01 3.371e-05 9.567e-06 8.494e-05 -1.000 2.000e-04 0.702 2.216 1.188 0.717 0.520 0.440 0.398
0.0002 -1.89055 10.07918 0.7995038629 3.0716555119    0.795  1.673  3.7159  2.481    3  0.000  0.529     0.00     0.00 -1 -3.77e-11      0.00 7.526e-01 2.472e-01 3.369e-05 9.579e-06 8.494e-05 -1.000 2.000e-04 0.588 2.123 1.082 0.605 0.405 0.323 0.280
0.0002 -1.89055 10.07918 0.7996249795 3.0717082024    0.795  1.720  3.7141  2.427    3  0.000  0.529     0.00     0.00 -1 -4.48e-11      0.00 7.526e-01 2.472e-01 3.369e-05 9.586e-06 8.495e-05 -1.000 2.000e-04 0.470 2.029 0.972 0.488 0.285 0.201 0.156
0.0002 -1.89055 10.07918 0.7997345924 3.0717556477    0.795  1.767  3.7125  2.374    3  0.000  0.529     0.00     0.00 -1  -5.3e-11      0.00 7.526e-01 2.472e-01 3.369e-05 9.586e-06 8.496e-05 -1.000 2.000e-04 0.353 1.934 0.863 0.372 0.165 0.080 0.034
0.0002 -1.89055 10.07918 0.7998311520 3.0717973709    0.795  1.812  3.7108  2.322    3  0.000  0.529     0.00     0.00 -1 -6.24e-11      0.00 7.526e-01 2.472e-01 3.369e-05 9.587e-06 8.496e-05 -1.000 1.999e-04 0.241 1.845 0.759 0.261 0.051 -0.036 -0.083
0.0002 -1.89055 10.07918 0.7999197841 3.0718359947    0.795  1.856  3.7091  2.270    3  0.000  0.529     0.00     0.00 -1 -6.99e-11      0.00 7.526e-01 2.472e-01 3.369e-05 9.588e-06 8.496e-05 -1.000 2.000e-04 0.130 1.759 0.656 0.150 -0.062 -0.151 -0.200
0.0002 -1.89055 10.07918 0.8000000119 3.0718705654    0.794  1.900  3.7075  2.220    3  0.000  0.529     0.00     0.00 -1  -8.6e-11      0.00 7.526e-01 2.472e-01 3.369e-05 9.588e-06 8.496e-05 -1.000 2.000e-04 0.020 1.675 0.555 0.043 -0.173 -0.264 -0.314
0.0002 -1.89055 10.07918 0.8000056744 3.0718731880    0.794  1.903  3.7074  2.217    3  0.000  0.529     0.00     0.00 -1  -8.7e-11      0.00 7.526e-01 2.472e-01 3.369e-05 9.588e-06 8.496e-05 -1.000 2.000e-04 0.013 1.669 0.548 0.035 -0.181 -0.272 -0.322
0.0002 -1.89055 10.07918 0.8000810742 3.0719058514    0.794  1.947  3.7056  2.165    3  0.000  0.529     0.00     0.00 -1 -1.02e-10      0.00 7.526e-01 2.472e-01 3.369e-05 9.590e-06 8.496e-05 -1.000 2.000e-04 -0.099 1.586 0.447 -0.074 -0.294 -0.387 -0.438
0.0002 -1.89055 10.07918 0.8001503944 3.0719356537    0.794  1.992  3.7038  2.113    3  0.000  0.529     0.00     0.00 -1  -1.2e-10      0.00 7.526e-01 2.472e-01 3.369e-05 9.591e-06 8.496e-05 -1.000 2.000e-04 -0.210 1.503 0.346 -0.183 -0.406 -0.502 -0.554
0.0002 -1.89055 10.07918 0.8002160788 3.0719642639    0.793  2.037  3.7021  2.060    3  0.000  0.529     0.00     0.00 -1 -1.42e-10      0.00 7.526e-01 2.472e-01 3.369e-05 9.593e-06 8.496e-05 -1.000 1.999e-04 -0.323 1.416 0.242 -0.295 -0.522 -0.619 -0.673
0.0002 -1.89055 10.07918 0.8002738953 3.0719892979    0.793  2.080  3.7002  2.010    3  0.000  0.529     0.00     0.00 -1 -1.66e-10      0.00 7.526e-01 2.472e-01 3.369e-05 9.594e-06 8.496e-05 -1.000 2.001e-04 -0.429 1.340 0.148 -0.398 -0.629 -0.729 -0.784
0.0002 -1.89055 10.07918 0.8003295064 3.0720133781    0.792  2.123  3.6984  1.960    3  0.000  0.529     0.00     0.00 -1 -1.94e-10      0.00 7.526e-01 2.472e-01 3.368e-05 9.595e-06 8.496e-05 -1.000 2.000e-04 -0.538 1.261 0.050 -0.505 -0.739 -0.841 -0.897
0.0002 -1.89055 10.07918 0.8003873229 3.0720384121    0.792  2.168  3.6966  1.907    3  0.000  0.529     0.00     0.00 -1 -2.29e-10      0.00 7.526e-01 2.472e-01 3.368e-05 9.596e-06 8.497e-05 -1.000 2.000e-04 -0.649 1.181 -0.051 -0.615 -0.853 -0.957 -1.015
0.0002 -1.89055 10.07918 0.8004389405 3.0720605850    0.791  2.191  3.6956  1.880    3  0.000  0.529     0.00     0.00 -1 -2.51e-10      0.00 7.526e-01 2.472e-01 3.368e-05 9.597e-06 8.497e-05 -1.000 2.000e-04 -0.708 1.141 -0.103 -0.672 -0.912 -1.017 -1.076
0.0002 -1.89055 10.07918 0.8004670143 3.0720727444    0.791  2.183  3.6963  1.890    3  0.000  0.529     0.00     0.00 -1 -2.45e-10      0.00 7.526e-01 2.472e-01 3.368e-05 9.598e-06 8.497e-05 -1.000 1.999e-04 -0.687 1.151 -0.086 -0.652 -0.891 -0.995 -1.053
0.0002 -1.89055 10.07918 0.8004707694 3.0720744133    0.791  2.182  3.6963  1.892    3  0.000  0.529     0.00     0.00 -1 -2.44e-10      0.00 7.526e-01 2.472e-01 3.368e-05 9.598e-06 8.497e-05 -1.000 2.000e-04 -0.684 1.152 -0.084 -0.649 -0.888 -0.992 -1.050
0.0002 -1.89055 10.07918 0.8004950285 3.0720849037    0.791  2.208  3.6951  1.861    3  0.000  0.529     0.00     0.00 -1 -2.67e-10      0.00 7.526e-01 2.472e-01 3.368e-05 9.598e-06 8.497e-05 -1.000 1.999e-04 -0.750 1.111 -0.141 -0.713 -0.954 -1.060 -1.119
0.0002 -1.89055 10.07918 0.8005318046 3.0721008778    0.790  2.249  3.6933  1.811    3  0.000  0.529     0.00     0.00 -1 -3.09e-10      0.00 7.526e-01 2.472e-01 3.368e-05 9.599e-06 8.497e-05 -1.000 2.000e-04 -0.854 1.045 -0.232 -0.814 -1.059 -1.167 -1.228
0.0002 -1.89055 10.07918 0.8005660176 3.0721156597    0.790  2.290  3.6915  1.763    3  0.000  0.529     0.00     0.00 -1 -3.59e-10      0.00 7.526e-01 2.472e-01 3.368e-05 9.600e-06 8.497e-05 -1.000 2.000e-04 -0.956 0.982 -0.321 -0.913 -1.163 -1.273 -1.335
0.0002 -1.89055 10.07918 0.8005976081 3.0721292496    0.789  2.331  3.6896  1.715    3  0.000  0.529     0.00     0.00 -1 -4.17e-10      0.00 7.526e-01 2.472e-01 3.368e-05 9.600e-06 8.497e-05 -1.000 2.000e-04 -1.057 0.923 -0.407 -1.010 -1.264 -1.377 -1.441
0.0002 -1.89055 10.07918 0.8006253839 3.0721411705    0.788  2.368  3.6879  1.670    3  0.000  0.529     0.00     0.00 -1 -4.79e-10      0.00 7.526e-01 2.472e-01 3.368e-05 9.601e-06 8.497e-05 -1.000 2.000e-04 -1.151 0.867 -0.488 -1.101 -1.359 -1.474 -1.539
0.0002 -1.89055 10.07918 0.8006523848 3.0721528530    0.788  2.407  3.6861  1.624    3  0.000  0.529     0.00     0.00 -1 -5.53e-10      0.00 7.525e-01 2.473e-01 3.368e-05 9.602e-06 8.497e-05 -1.000 2.000e-04 -1.248 0.808 -0.572 -1.195 -1.458 -1.574 -1.642
0.0002 -1.89055 10.07918 0.8006761670 3.0721633434    0.787  2.444  3.6842  1.579    3  0.000  0.529     0.00     0.00 -1 -6.34e-10      0.00 7.525e-01 2.473e-01 3.368e-05 9.602e-06 8.497e-05 -1.000 2.000e-04 -1.340 0.758 -0.649 -1.283 -1.550 -1.669 -1.738
0.0002 -1.89055 10.07918 0.8006991744 3.0721731186    0.786  2.482  3.6825  1.534    3  0.000  0.528     0.00     0.00 -1 -7.28e-10      0.00 7.525e-01 2.473e-01 3.368e-05 9.603e-06 8.497e-05 -1.000 2.000e-04 -1.435 0.702 -0.730 -1.375 -1.646 -1.767 -1.838
0.0002 -1.89055 10.07918 0.8007196784 3.0721819401    0.785  2.518  3.6807  1.490    3  0.000  0.528     0.00     0.00 -1 -8.33e-10      0.00 7.525e-01 2.473e-01 3.368e-05 9.603e-06 8.497e-05 -1.000 2.000e-04 -1.525 0.657 -0.805 -1.461 -1.737 -1.860 -1.932
0.0002 -1.89055 10.07918 0.8007435203 3.0721924305    0.784  2.563  3.6785  1.436    3  0.000  0.528     0.00     0.00 -1 -9.84e-10      0.00 7.525e-01 2.473e-01 3.368e-05 9.604e-06 8.497e-05 -1.000 2.000e-04 -1.637 0.609 -0.895 -1.568 -1.850 -1.976 -2.050
0.0002 -1.89055 10.07918 0.8007647395 3.0722014904    0.783  2.606  3.6765  1.384    3  0.000  0.528     0.00     0.00 -1 -1.15e-09      0.00 7.525e-01 2.473e-01 3.368e-05 9.604e-06 8.497e-05 -1.000 1.999e-04 -1.745 0.562 -0.983 -1.670 -1.957 -2.086 -2.162
0.0002 -1.89055 10.07918 0.8007813692 3.0722086430    0.782  2.642  3.6744  1.339    3  0.000  0.528     0.00     0.00 -1 -1.32e-09      0.00 7.525e-01 2.473e-01 3.368e-05 9.604e-06 8.497e-05 -1.000 2.000e-04 -1.835 0.531 -1.053 -1.755 -2.048 -2.180 -2.258
0.0002 -1.89055 10.07918 0.8007990718 3.0722162724    0.781  2.683  3.6724  1.289    3  0.000  0.528     0.00     0.00 -1 -1.54e-09      0.00 7.525e-01 2.473e-01 3.368e-05 9.605e-06 8.497e-05 -1.000 2.000e-04 -1.937 0.491 -1.134 -1.852 -2.151 -2.286 -2.365
0.0002 -1.89055 10.07918 0.8008132577 3.0722224712    0.780  2.718  3.6705  1.246    3  0.000  0.528     0.00     0.00 -1 -1.75e-09      0.00 7.525e-01 2.473e-01 3.368e-05 9.605e-06 8.497e-05 -1.000 2.000e-04 -2.025 0.463 -1.202 -1.935 -2.239 -2.377 -2.458
0.0002 -1.89055 10.07918 0.8008281589 3.0722289085    0.778  2.757  3.6684  1.197    3  0.000  0.528     0.00     0.00 -1 -2.03e-09      0.00 7.525e-01 2.473e-01 3.368e-05 9.605e-06 8.497e-05 -1.000 2.000e-04 -2.123 0.432 -1.276 -2.027 -2.337 -2.478 -2.561
0.0002 -1.89055 10.07918 0.8008425236 3.0722351074    0.777  2.798  3.6662  1.148    3  0.000  0.528     0.00     0.00 -1 -2.37e-09      0.00 7.525e-01 2.473e-01 3.368e-05 9.606e-06 8.497e-05 -1.000 2.000e-04 -2.224 0.407 -1.351 -2.121 -2.437 -2.581 -2.666
0.0002 -1.89055 10.07918 0.8008558750 3.0722408295    0.775  2.837  3.6639  1.097    3  0.000  0.528     0.00     0.00 -1 -2.75e-09      0.00 7.525e-01 2.473e-01 3.368e-05 9.606e-06 8.497e-05 -1.000 2.000e-04 -2.324 0.392 -1.422 -2.212 -2.536 -2.684 -2.771
0.0002 -1.89055 10.07918 0.8008674383 3.0722458363    0.773  2.874  3.6619  1.051    3  0.000  0.528     0.00     0.00 -1 -3.16e-09      0.00 7.525e-01 2.473e-01 3.368e-05 9.606e-06 8.497e-05 -1.000 2.000e-04 -2.416 0.374 -1.489 -2.298 -2.628 -2.779 -2.868
0.0002 -1.89055 10.07918 0.8008788228 3.0722508430    0.771  2.913  3.6596  1.003    3  0.000  0.528     0.00     0.00 -1 -3.65e-09      0.00 7.525e-01 2.473e-01 3.368e-05 9.606e-06 8.497e-05 -1.000 2.000e-04 -2.512 0.366 -1.554 -2.385 -2.723 -2.877 -2.969
0.0002 -1.89055 10.07918 0.8008886576 3.0722551346    0.769  2.949  3.6577  0.958    3  0.000  0.528     0.00     0.00 -1 -4.18e-09      0.00 7.525e-01 2.473e-01 3.368e-05 9.607e-06 8.497e-05 -1.000 2.001e-04 -2.602 0.356 -1.616 -2.468 -2.813 -2.970 -3.064
0.0002 -1.89055 10.07918 0.8008982539 3.0722591877    0.767  2.985  3.6554  0.911    3  0.000  0.528     0.00     0.00 -1 -4.81e-09      0.00 7.525e-01 2.473e-01 3.368e-05 9.607e-06 8.497e-05 -1.000 2.001e-04 -2.693 0.360 -1.674 -2.550 -2.903 -3.065 -3.160
0.0002 -1.89055 10.07918 0.8009071946 3.0722630024    0.764  3.021  3.6533  0.865    3  0.000  0.528     0.00     0.00 -1 -5.53e-09      0.00 7.525e-01 2.473e-01 3.368e-05 9.607e-06 8.497e-05 -1.000 1.999e-04 -2.784 0.365 -1.730 -2.630 -2.992 -3.157 -3.255
0.0002 -1.89055 10.07918 0.8009150028 3.0722665787    0.762  3.055  3.6514  0.823    3  0.000  0.528     0.00     0.00 -1 -6.28e-09      0.00 7.525e-01 2.473e-01 3.368e-05 9.607e-06 8.497e-05 -1.000 2.000e-04 -2.867 0.373 -1.780 -2.702 -3.073 -3.241 -3.342
0.0002 -1.89055 10.07918 0.8009225726 3.0722696781    0.760  3.089  3.6492  0.779    3  0.000  0.528     0.00     0.00 -1 -7.14e-09      0.00 7.525e-01 2.473e-01 3.368e-05 9.607e-06 8.497e-05 -1.000 2.000e-04 -2.951 0.392 -1.826 -2.774 -3.153 -3.326 -3.429
0.0002 -1.89055 10.07918 0.8009296656 3.0722727776    0.757  3.122  3.6473  0.736    3  0.000  0.528     0.00     0.00 -1 -8.11e-09      0.00 7.525e-01 2.473e-01 3.368e-05 9.607e-06 8.497e-05 -1.000 2.000e-04 -3.035 0.403 -1.874 -2.847 -3.234 -3.411 -3.516
0.0002 -1.89055 10.07918 0.8009361029 3.0722756386    0.754  3.154  3.6452  0.694    3  0.000  0.528     0.00     0.00 -1 -9.18e-09      0.00 7.525e-01 2.473e-01 3.368e-05 9.608e-06 8.497e-05 -1.000 2.000e-04 -3.115 0.425 -1.916 -2.914 -3.311 -3.492 -3.599
0.0002 -1.89055 10.07918 0.8009425402 3.0722782612    0.751  3.187  3.6431  0.651    3  0.000  0.528     0.00     0.00 -1 -1.05e-08      0.00 7.525e-01 2.473e-01 3.368e-05 9.608e-06 8.497e-05 -1.000 2.000e-04 -3.198 0.451 -1.959 -2.984 -3.390 -3.576 -3.685
0.0002 -1.89055 10.07918 0.8009482622 3.0722808838    0.747  3.218  3.6413  0.611    3  0.000  0.528     0.00     0.00 -1 -1.18e-08      0.00 7.525e-01 2.473e-01 3.368e-05 9.608e-06 8.497e-05 -1.000 2.000e-04 -3.275 0.471 -1.999 -3.050 -3.464 -3.653 -3.765
0.0002 -1.89055 10.07918 0.8009538651 3.0722832680    0.744  3.248  3.6393  0.570    3  0.000  0.528     0.00     0.00 -1 -1.33e-08      0.00 7.525e-01 2.473e-01 3.368e-05 9.608e-06 8.497e-05 -1.000 2.000e-04 -3.351 0.499 -2.036 -3.113 -3.536 -3.730 -3.844
0.0002 -1.89055 10.07918 0.8009585142 3.0722851753    0.740  3.272  3.6379  0.539    3  0.000  0.528     0.00     0.00 -1 -1.47e-08      0.00 7.525e-01 2.473e-01 3.368e-05 9.608e-06 8.497e-05 -1.000 2.000e-04 -3.410 0.519 -2.064 -3.161 -3.592 -3.789 -3.905
0.0002 -1.89055 10.07918 0.8009585142 3.0722851753    0.740  1.681  3.8752  3.079    4  0.000  0.531     0.00     0.00 -1    -1e-30      0.00 7.541e-01 2.457e-01 3.371e-05 9.483e-06 8.466e-05 -1.000 2.000e-04 0.569 1.389 0.537 0.579 0.673 0.741 0.759
0.0002 -1.89055 10.07918 0.8009617925 3.0722866058    0.740  1.686  3.8724  3.063    4  0.000  0.531     0.00     0.00 -1    -1e-30      0.00 7.541e-01 2.457e-01 3.371e-05 9.483e-06 8.466e-05 -1.000 2.000e-04 0.556 1.381 0.530 0.563 0.652 0.718 0.736
0.0002 -1.89055 10.07918 0.8010164499 3.0723102093    0.740  1.704  3.8636  3.010    4  0.000  0.531     0.00     0.00 -1    -1e-30      0.00 7.541e-01 2.457e-01 3.371e-05 9.483e-06 8.466e-05 -1.000 2.000e-04 0.511 1.351 0.502 0.509 0.581 0.641 0.658
0.0002 -1.89055 10.07918 0.8010717630 3.0723342896    0.740  1.704  3.8644  3.013    4  0.000  0.531     0.00     0.00 -1    -1e-30      0.00 7.541e-01 2.457e-01 3.371e-05 9.483e-06 8.466e-05 -1.000 2.000e-04 0.510 1.348 0.498 0.508 0.581 0.642 0.659
0.0002 -1.89055 10.07918 0.8011282086 3.0723586082    0.740  1.704  3.8655  3.017    4  0.000  0.531     0.00     0.00 -1    -1e-30      0.00 7.541e-01 2.457e-01 3.371e-05 9.483e-06 8.466e-05 -1.000 2.000e-04 0.509 1.346 0.496 0.509 0.585 0.646 0.663
0.0002 -1.89055 10.07918 0.8011841774 3.0723826885    0.741  1.704  3.8667  3.022    4  0.000  0.531     0.00     0.00 -1    -1e-30      0.00 7.541e-01 2.457e-01 3.371e-05 9.483e-06 8.466e-05 -1.000 2.000e-04 0.510 1.344 0.493 0.511 0.589 0.651 0.668
0.0002 -1.89055 10.07918 0.8012368083 3.0724055767    0.741  1.704  3.8679  3.027    4  0.000  0.531     0.00     0.00 -1    -1e-30      0.00 7.541e-01 2.457e-01 3.371e-05 9.483e-06 8.466e-05 -1.000 1.999e-04 0.510 1.342 0.491 0.512 0.593 0.655 0.673
0.0002 -1.89055 10.07918 0.8012885451 3.0724277496    0.741  1.704  3.8690  3.032    4  0.000  0.531     0.00     0.00 -1    -1e-30      0.00 7.541e-01 2.457e-01 3.371e-05 9.483e-06 8.466e-05 -1.000 1.999e-04 0.510 1.341 0.490 0.514 0.596 0.660 0.677
0.0002 -1.89055 10.07918 0.8013409376 3.0724503994    0.741  1.704  3.8700  3.036    4  0.000  0.531     0.00     0.00 -1    -1e-30      0.00 7.541e-01 2.457e-01 3.371e-05 9.483e-06 8.466e-05 -1.000 1.999e-04 0.511 1.340 0.488 0.515 0.600 0.664 0.681
0.0002 -1.89055 10.07918 0.8013956547 3.0724740028    0.741  1.703  3.8708  3.039    4  0.000  0.531     0.00     0.00 -1    -1e-30      0.00 7.541e-01 2.457e-01 3.371e-05 9.483e-06 8.466e-05 -1.000 2.001e-04 0.511 1.339 0.487 0.516 0.603 0.667 0.684
0.0002 -1.89055 10.07918 0.8014496565 3.0724973679    0.741  1.704  3.8712  3.041    4  0.000  0.531     0.00     0.00 -1    -1e-30      0.00 7.541e-01 2.457e-01 3.371e-05 9.483e-06 8.466e-05 -1.000 2.000e-04 0.511 1.338 0.485 0.517 0.604 0.668 0.686
0.0002 -1.89055 10.07918 0.8015052080 3.0725212097    0.741  1.704  3.8713  3.041    4  0.000  0.531     0.00     0.00 -1    -1e-30      0.00 7.541e-01 2.457e-01 3.371e-05 9.483e-06 8.466e-05 -1.000 2.001e-04 0.510 1.337 0.485 0.516 0.603 0.668 0.686
0.0002 -1.89055 10.07918 0.8015603423 3.0725450516    0.741  1.704  3.8710  3.040    4  0.000  0.531     0.00     0.00 -1    -1e-30      0.00 7.541e-01 2.457e-01 3.371e-05 9.483e-06 8.466e-05 -1.000 1.999e-04 0.509 1.336 0.484 0.515 0.601 0.666 0.683
0.0002 -1.89055 10.07918 0.8016147614 3.0725686550    0.741  1.705  3.8702  3.036    4  0.000  0.531     0.00     0.00 -1    -1e-30      0.00 7.541e-01 2.457e-01 3.371e-05 9.483e-06 8.466e-05 -1.000 1.999e-04 0.507 1.336 0.484 0.512 0.597 0.661 0.678
0.0002 -1.89055 10.07918 0.8016675115 3.0725913048    0.741  1.706  3.8689  3.029    4  0.000  0.531     0.00     0.00 -1    -1e-30      0.00 7.541e-01 2.457e-01 3.371e-05 9.483e-06 8.466e-05 -1.000 1.999e-04 0.505 1.335 0.484 0.508 0.590 0.654 0.671
0.0002 -1.89055 10.07918 0.8016905785 3.0726013184    0.741  1.707  3.8683  3.026    4  0.000  0.531     0.00     0.00 -1    -1e-30      0.00 7.541e-01 2.457e-01 3.371e-05 9.483e-06 8.466e-05 -1.000 2.000e-04 0.503 1.335 0.484 0.506 0.587 0.650 0.667
0.0002 -1.89055 10.07918 0.8017026782 3.0726065636    0.741  1.707  3.8678  3.024    4  0.000  0.531     0.00     0.00 -1    -1e-30      0.00 7.541e-01 2.457e-01 3.371e-05 9.483e-06 8.466e-05 -1.000 2.000e-04 0.503 1.335 0.484 0.504 0.585 0.647 0.664
0.0002 -1.89055 10.07918 0.8017557263 3.0726294518    0.741  1.709  3.8654  3.013    4  0.000  0.531     0.00     0.00 -1    -1e-30      0.00 7.541e-01 2.457e-01 3.371e-05 9.483e-06 8.466e-05 -1.000 1.999e-04 0.499 1.335 0.485 0.498 0.574 0.635 0.652
0.0002 -1.89055 10.07918 0.8018094897 3.0726525784    0.741  1.711  3.8624  2.999    4  0.000  0.531     0.00     0.00 -1    -1e-30      0.00 7.541e-01 2.457e-01 3.371e-05 9.483e-06 8.466e-05 -1.000 2.000e-04 0.493 1.336 0.486 0.490 0.560 0.619 0.636
0.0002 -1.89055 10.07918 0.8018623590 3.0726752281    0.741  1.713  3.8588  2.982    4  0.000  0.531     0.00     0.00 -1    -1e-30      0.00 7.541e-01 2.457e-01 3.371e-05 9.483e-06 8.466e-05 -1.000 2.000e-04 0.488 1.336 0.489 0.482 0.545 0.600 0.617
0.0002 -1.89055 10.07918 0.8019143939 3.0726978779    0.741  1.716  3.8546  2.963    4  0.000  0.531     0.00     0.00 -1    -1e-30      0.00 7.541e-01 2.457e-01 3.371e-05 9.483e-06 8.466e-05 -1.000 2.000e-04 0.481 1.337 0.492 0.473 0.527 0.579 0.597
0.0002 -1.89055 10.07918 0.8019661903 3.0727200508    0.741  1.719  3.8497  2.940    4  0.000  0.531     0.00     0.00 -1    -1e-30      0.00 7.541e-01 2.457e-01 3.371e-05 9.483e-06 8.466e-05 -1.000 2.000e-04 0.473 1.339 0.496 0.461 0.507 0.555 0.572
0.0002 -1.89055 10.07918 0.8020176888 3.0727422237    0.741  1.722  3.8443  2.915    4  0.000  0.531     0.00     0.00 -1    -1e-30      0.00 7.541e-01 2.457e-01 3.371e-05 9.483e-06 8.466e-05 -1.000 2.000e-04 0.465 1.341 0.502 0.450 0.485 0.529 0.545
0.0002 -1.89055 10.07918 0.8020692468 3.0727643967    0.741  1.726  3.8383  2.887    4  0.000  0.531     0.00     0.00 -1    -1e-30      0.00 7.541e-01 2.457e-01 3.371e-05 9.483e-06 8.466e-05 -1.000 1.999e-04 0.455 1.344 0.508 0.438 0.461 0.500 0.515
0.0002 -1.89055 10.07918 0.8020740747 3.0727665424    0.742  1.726  3.8377  2.885    4  0.000  0.531     0.00     0.00 -1    -1e-30      0.00 7.541e-01 2.457e-01 3.371e-05 9.483e-06 8.466e-05 -1.000 2.000e-04 0.454 1.344 0.508 0.436 0.459 0.497 0.512
0.0002 -1.89055 10.07918 0.8020834923 3.0727705956    0.742  1.727  3.8365  2.879    4  0.000  0.531     0.00     0.00 -1    -1e-30      0.00 7.541e-01 2.457e-01 3.371e-05 9.483e-06 8.466e-05 -1.000 2.000e-04 0.452 1.345 0.509 0.434 0.454 0.491 0.506
0.0002 -1.89055 10.07918 0.8021389842 3.0727944374    0.742  1.732  3.8295  2.846    4  0.000  0.531     0.00     0.00 -1    -1e-30      0.00 7.541e-01 2.457e-01 3.371e-05 9.483e-06 8.466e-05 -1.000 2.000e-04 0.441 1.350 0.518 0.421 0.428 0.458 0.472
0.0002 -1.89055 10.07918 0.8021931052 3.0728178024    0.742  1.736  3.8226  2.814    4  0.000  0.531     0.00     0.00 -1    -1e-30      0.00 7.541e-01 2.457e-01 3.371e-05 9.483e-06 8.466e-05 -1.000 2.000e-04 0.430 1.355 0.526 0.407 0.401 0.426 0.439
0.0002 -1.89055 10.07918 0.8022509813 3.0728428364    0.742  1.742  3.8147  2.777    4  0.000  0.531     0.00     0.00 -1    -1e-30      0.00 7.541e-01 2.457e-01 3.371e-05 9.483e-06 8.466e-05 -1.000 2.000e-04 0.416 1.364 0.535 0.393 0.372 0.389 0.400
0.0002 -1.89055 10.07918 0.8023061156 3.0728664398    0.742  1.747  3.8069  2.741    4  0.000  0.531     0.00     0.00 -1    -1e-30      0.00 7.541e-01 2.457e-01 3.371e-05 9.483e-06 8.466e-05 -1.000 2.000e-04 0.402 1.372 0.544 0.378 0.343 0.353 0.361
0.0002 -1.89055 10.07918 0.8023589253 3.0728893280    0.742  1.753  3.8004  2.709    4  0.000  0.531     0.00     0.00 -1    -1e-30      0.00 7.541e-01 2.457e-01 3.371e-05 9.483e-06 8.466e-05 -1.000 2.000e-04 0.388 1.379 0.550 0.364 0.317 0.321 0.327
0.0002 -1.89055 10.07918 0.8024134040 3.0729126930    0.742  1.759  3.7935  2.675    4  0.000  0.531     0.00     0.00 -1    -1e-30      0.00 7.541e-01 2.457e-01 3.371e-05 9.483e-06 8.466e-05 -1.000 2.000e-04 0.372 1.387 0.556 0.348 0.289 0.286 0.290
0.0002 -1.89055 10.07918 0.8024668694 3.0729358196    0.742  1.765  3.7878  2.646    4  0.000  0.531     0.00     0.00 -1    -1e-30      0.00 7.541e-01 2.457e-01 3.371e-05 9.483e-06 8.466e-05 -1.000 2.000e-04 0.358 1.396 0.560 0.334 0.265 0.256 0.257
0.0002 -1.89055 10.07918 0.8025209904 3.0729589462    0.742  1.771  3.7823  2.618    4  0.000  0.531     0.00     0.00 -1    -1e-30      0.00 7.541e-01 2.457e-01 3.371e-05 9.483e-06 8.466e-05 -1.000 1.999e-04 0.342 1.402 0.562 0.319 0.240 0.226 0.224
0.0002 -1.89055 10.07918 0.8025751114 3.0729823112    0.742  1.778  3.7773  2.591    4  0.000  0.531     0.00     0.00 -1    -1e-30      0.00 7.541e-01 2.457e-01 3.371e-05 9.483e-06 8.466e-05 -1.000 2.000e-04 0.324 1.407 0.561 0.302 0.214 0.195 0.191
0.0002 -1.89055 10.07918 0.8026296496 3.0730056763    0.742  1.788  3.7718  2.560    4  0.000  0.531     0.00     0.00 -1    -1e-30      0.00 7.541e-01 2.457e-01 3.371e-05 9.483e-06 8.466e-05 -1.000 2.000e-04 0.300 1.411 0.556 0.280 0.182 0.158 0.151
0.0002 -1.89055 10.07918 0.8026404381 3.0730104446    0.742  1.778  3.7754  2.584    4  0.000  0.531     0.00     0.00 -1    -1e-30      0.00 7.541e-01 2.457e-01 3.371e-05 9.483e-06 8.466e-05 -1.000 2.000e-04 0.325 1.417 0.569 0.303 0.212 0.192 0.186
0.0002 -1.89055 10.07918 0.8026964068 3.0730345249    0.742  1.793  3.7679  2.539    4  0.000  0.531     0.00     0.00 -1    -1e-30      0.00 7.541e-01 2.457e-01 3.371e-05 9.483e-06 8.466e-05 -1.000 2.000e-04 0.287 1.417 0.557 0.268 0.163 0.135 0.126
0.0002 -1.89055 10.07918 0.8027514815 3.0730581284    0.742  1.812  3.7611  2.493    4  0.000  0.531     0.00     0.00 -1    -1e-30      0.00 7.541e-01 2.457e-01 3.371e-05 9.483e-06 8.466e-05 -1.000 2.000e-04 0.241 1.410 0.535 0.224 0.107 0.072 0.059
0.0002 -1.89055 10.07918 0.8027979136 3.0730781555    0.742  1.840  3.7532  2.433    4  0.000  0.531     0.00     0.00 -1    -1e-30      0.00 7.541e-01 2.457e-01 3.371e-05 9.483e-06 8.466e-05 -1.000 2.000e-04 0.170 1.389 0.492 0.155 0.024 -0.019 -0.036
0.0002 -1.89055 10.07918 0.8028230667 3.0730888844    0.742  1.873  3.7454  2.369    4  0.000  0.531     0.00     0.00 -1    -1e-30      0.00 7.541e-01 2.457e-01 3.371e-05 9.483e-06 8.466e-05 -1.000 1.999e-04 0.086 1.362 0.439 0.075 -0.070 -0.121 -0.143
0.0002 -1.89055 10.07918 0.8028343916 3.0730938911    0.742  1.909  3.7384  2.306    4  0.000  0.531     0.00     0.00 -1    -1e-30      0.00 7.541e-01 2.457e-01 3.371e-05 9.483e-06 8.466e-05 -1.000 2.000e-04 -0.001 1.328 0.379 -0.010 -0.168 -0.225 -0.252
0.0002 -1.89055 10.07918 0.8028394580 3.0730960369    0.742  1.946  3.7321  2.243    4  0.000  0.531     0.00     0.00 -1    -1e-30      0.00 7.541e-01 2.457e-01 3.371e-05 9.483e-06 8.466e-05 -1.000 2.000e-04 -0.094 1.295 0.314 -0.099 -0.268 -0.332 -0.363
0.0002 -1.89055 10.07918 0.8028418422 3.0730969906    0.742  1.983  3.7270  2.186    4  0.000  0.531     0.00     0.00 -1    -1e-30      0.00 7.541e-01 2.457e-01 3.371e-05 9.483e-06 8.466e-05 -1.000 2.000e-04 -0.186 1.252 0.244 -0.188 -0.366 -0.436 -0.471
0.0002 -1.89055 10.07918 0.8028428555 3.0730974674    0.742  2.008  3.7241  2.149    7  0.000  0.531     0.00     0.00 -1    -1e-30      0.00 7.541e-01 2.457e-01 3.371e-05 9.483e-06 8.466e-05 -1.000 2.000e-04 -0.250 1.217 0.194 -0.250 -0.433 -0.506 -0.543
0.0002 -1.89055 10.07918 0.8028438091 3.0730979443    0.742  2.046  3.7205  2.096    7  0.000  0.531     0.00     0.00 -1    -1e-30      0.00 7.541e-01 2.457e-01 3.371e-05 9.483e-06 8.466e-05 -1.000 2.000e-04 -0.345 1.166 0.117 -0.342 -0.532 -0.608 -0.648
0.0002 -1.89055 10.07918 0.8028447628 3.0730981827    0.742  2.084  3.7173  2.046    7  0.000  0.531     0.00     0.00 -1    -1e-30      0.00 7.541e-01 2.457e-01 3.371e-05 9.483e-06 8.466e-05 -1.000 2.000e-04 -0.440 1.111 0.038 -0.434 -0.630 -0.710 -0.753
0.0002 -1.89055 10.07918 0.8028456569 3.0730986595    0.742  2.118  3.7147  2.002    7  0.000  0.531     0.00     0.00 -1    -1e-30      0.00 7.541e-01 2.457e-01 3.371e-05 9.483e-06 8.466e-05 -1.000 1.999e-04 -0.525 1.060 -0.033 -0.516 -0.717 -0.800 -0.844
0.0002 -1.89055 10.07918 0.8028466105 3.0730991364    0.742  2.140  3.7131  1.973    7  0.000  0.531     0.00     0.00 -1    -1e-30      0.00 7.541e-01 2.457e-01 3.371e-05 9.483e-06 8.466e-05 -1.000 1.999e-04 -0.580 1.026 -0.080 -0.570 -0.774 -0.859 -0.904
0.0002 -1.89055 10.07918 0.8028479218 3.0730996132    0.742  2.167  3.7113  1.939    7  0.000  0.531     0.00     0.00 -1    -1e-30      0.00 7.541e-01 2.457e-01 3.371e-05 9.483e-06 8.466e-05 -1.000 2.000e-04 -0.648 0.983 -0.138 -0.636 -0.844 -0.930 -0.977
0.0002 -1.89055 10.07918 0.8028504848 3.0731008053    0.742  2.148  3.7128  1.964    7  0.000  0.531     0.00     0.00 -1    -1e-30      0.00 7.541e-01 2.457e-01 3.371e-05 9.483e-06 8.466e-05 -1.000 2.000e-04 -0.600 1.010 -0.098 -0.589 -0.795 -0.879 -0.925
0.0002 -1.89055 10.07918 0.8028547764 3.0731027126    0.742  2.119  3.7149  2.002    7  0.000  0.531     0.00     0.00 -1    -1e-30      0.00 7.541e-01 2.457e-01 3.371e-05 9.483e-06 8.466e-05 -1.000 2.000e-04 -0.526 1.056 -0.035 -0.517 -0.718 -0.801 -0.845
0.0002 -1.89055 10.07918 0.8028804064 3.0731136799    0.742  2.146  3.7125  1.965    7  0.000  0.531     0.00     0.00 -1    -1e-30      0.00 7.541e-01 2.457e-01 3.371e-05 9.483e-06 8.466e-05 -1.000 2.000e-04 -0.594 1.020 -0.090 -0.583 -0.789 -0.874 -0.920
0.0002 -1.89055 10.07918 0.8028959632 3.0731203556    0.742  2.179  3.7100  1.921    7  0.000  0.531     0.00     0.00 -1    -1e-30      0.00 7.541e-01 2.457e-01 3.371e-05 9.483e-06 8.466e-05 -1.000 2.000e-04 -0.678 0.971 -0.161 -0.664 -0.875 -0.963 -1.011
0.0002 -1.89055 10.07918 0.8029148579 3.0731284618    0.742  2.222  3.7070  1.866    7  0.000  0.531     0.00     0.00 -1    -1e-30      0.00 7.541e-01 2.457e-01 3.371e-05 9.483e-06 8.466e-05 -1.000 2.000e-04 -0.786 0.910 -0.251 -0.769 -0.986 -1.077 -1.128
0.0002 -1.89055 10.07918 0.8029341102 3.0731368065    0.742  2.277  3.7033  1.797    7  0.000  0.531     0.00     0.00 -1    -1e-30      0.00 7.541e-01 2.457e-01 3.371e-05 9.483e-06 8.466e-05 -1.000 2.000e-04 -0.922 0.832 -0.365 -0.900 -1.125 -1.221 -1.274
0.0002 -1.89055 10.07918 0.8029515147 3.0731441975    0.742  2.325  3.7003  1.737    7  0.000  0.531     0.00     0.00 -1    -1e-30      0.00 7.541e-01 2.457e-01 3.371e-05 9.483e-06 8.466e-05 -1.000 2.000e-04 -1.042 0.762 -0.466 -1.016 -1.247 -1.347 -1.402
0.0002 -1.89055 10.07918 0.8029668331 3.0731508732    0.742  2.368  3.6976  1.683    7  0.000  0.531     0.00     0.00 -1    -1e-30      0.00 7.541e-01 2.457e-01 3.370e-05 9.483e-06 8.466e-05 -1.000 1.774e-04 -1.151 0.697 -0.558 -1.122 -1.359 -1.462 -1.519
0.0002 -1.89055 10.07918 0.8029803634 3.0731565952    0.742  2.411  3.6950  1.629    7  0.000  0.530     0.00     0.00 -1    -1e-30      0.00 7.542e-01 2.456e-01 3.367e-05 9.490e-06 8.466e-05 -1.000 1.705e-04 -1.259 0.637 -0.648 -1.225 -1.468 -1.574 -1.634
0.0002 -1.89055 10.07918 0.8029922843 3.0731616020    0.743  2.453  3.6925  1.577    7  0.000  0.528     0.00     0.00 -1    -1e-30      0.00 7.542e-01 2.456e-01 3.355e-05 9.543e-06 8.466e-05 -1.000 1.707e-04 -1.364 0.585 -0.734 -1.325 -1.574 -1.683 -1.745
0.0002 -1.89055 10.07918 0.8030028343 3.0731663704    0.743  2.494  3.6901  1.527    7  0.000  0.522     0.00     0.00 -1    -1e-30      0.00 7.542e-01 2.457e-01 3.317e-05 9.831e-06 8.466e-05 -1.000 1.729e-04 -1.466 0.535 -0.818 -1.423 -1.678 -1.790 -1.854
0.0002 -1.89055 10.07918 0.8030124307 3.0731704235    0.743  2.536  3.6876  1.476    7  0.000  0.510     0.00     0.00 -1    -1e-30      0.00 7.541e-01 2.457e-01 3.241e-05 1.063e-05 8.467e-05 -1.000 2.000e-04 -1.569 0.486 -0.901 -1.521 -1.782 -1.897 -1.963
0.0002 -1.89055 10.07918 0.8030211926 3.0731742382    0.743  2.577  3.6852  1.425    7  0.000  0.496     0.00     0.00 -1    -1e-30      0.00 7.540e-01 2.458e-01 3.148e-05 1.176e-05 8.468e-05 -1.000 2.000e-04 -1.672 0.441 -0.984 -1.619 -1.886 -2.004 -2.073
0.0002 -1.89055 10.07918 0.8030293584 3.0731775761    0.743  2.618  3.6827  1.374    7  0.000  0.482     0.00     0.00 -1    -1e-30      0.00 7.539e-01 2.459e-01 3.062e-05 1.282e-05 8.469e-05 -1.000 2.000e-04 -1.775 0.397 -1.066 -1.718 -1.991 -2.112 -2.183
0.0002 -1.89055 10.07918 0.8030369878 3.0731809139    0.743  2.659  3.6801  1.322    7  0.000  0.470     0.00     0.00 -1    -1e-30      0.00 7.538e-01 2.461e-01 2.987e-05 1.374e-05 8.470e-05 -1.000 1.569e-04 -1.877 0.362 -1.144 -1.814 -2.094 -2.219 -2.291
0.0002 -1.89055 10.07918 0.8030442595 3.0731840134    0.743  2.700  3.6777  1.272    7  0.000  0.460     0.00     0.00 -1    -1e-30      0.00 7.536e-01 2.462e-01 2.922e-05 1.454e-05 8.471e-05 -1.000 2.000e-04 -1.979 0.332 -1.221 -1.909 -2.196 -2.324 -2.399
0.0002 -1.89055 10.07918 0.8030512333 3.0731871128    0.743  2.740  3.6752  1.222    7  0.000  0.451     0.00     0.00 -1    -1e-30      0.00 7.534e-01 2.464e-01 2.865e-05 1.524e-05 8.471e-05 -1.000 2.000e-04 -2.079 0.305 -1.297 -2.003 -2.296 -2.428 -2.505
0.0002 -1.89055 10.07918 0.8030579090 3.0731899738    0.743  2.781  3.6727  1.171    7  0.000  0.443     0.00     0.00 -1    -1e-30      0.00 7.532e-01 2.466e-01 2.816e-05 1.584e-05 8.469e-05 -1.000 2.001e-04 -2.182 0.280 -1.372 -2.098 -2.398 -2.534 -2.613
0.0002 -1.89055 10.07918 0.8030639291 3.0731925964    0.743  2.822  3.6700  1.118    7  0.000  0.437     0.00     0.00 -1    -1e-30      0.00 7.530e-01 2.468e-01 2.773e-05 1.639e-05 8.466e-05 -1.000 2.000e-04 -2.286 0.256 -1.449 -2.195 -2.503 -2.642 -2.724
0.0002 -1.89055 10.07918 0.8030689359 3.0731947422    0.743  2.863  3.6674  1.067    7  0.000  0.431     0.00     0.00 -1    -1e-30      0.00 7.529e-01 2.469e-01 2.737e-05 1.682e-05 8.461e-05 -1.000 2.001e-04 -2.388 0.240 -1.521 -2.289 -2.605 -2.748 -2.832
0.0002 -1.89055 10.07918 0.8030731678 3.0731964111    0.743  2.905  3.6647  1.015    7  0.000  0.427     0.00     0.00 -1    -1e-30      0.00 7.527e-01 2.471e-01 2.706e-05 1.723e-05 8.451e-05 -1.000 2.000e-04 -2.492 0.233 -1.591 -2.384 -2.708 -2.855 -2.942
0.0002 -1.89055 10.07918 0.8030767441 3.0731980801    0.743  2.945  3.6620  0.964    7  0.000  0.423     0.00     0.00 -1    -1e-30      0.00 7.525e-01 2.474e-01 2.680e-05 1.759e-05 8.438e-05 -1.000 1.571e-04 -2.593 0.235 -1.656 -2.474 -2.808 -2.959 -3.049
0.0002 -1.89055 10.07918 0.8030801415 3.0731995106    0.743  2.985  3.6594  0.914    7  0.000  0.421     0.00     0.00 -1    -1e-30      0.00 7.523e-01 2.475e-01 2.659e-05 1.792e-05 8.423e-05 -1.000 2.001e-04 -2.692 0.241 -1.717 -2.563 -2.906 -3.061 -3.153
0.0002 -1.89055 10.07918 0.8030835986 3.0732009411    0.743  3.027  3.6565  0.860    7  0.000  0.419     0.00     0.00 -1    -1e-30      0.00 7.521e-01 2.477e-01 2.642e-05 1.822e-05 8.406e-05 -1.000 2.000e-04 -2.797 0.253 -1.781 -2.657 -3.010 -3.170 -3.265
0.0002 -1.89055 10.07918 0.8030866385 3.0732023716    0.743  3.071  3.6535  0.804    7  0.000  0.418     0.00     0.00 -1    -1e-30      0.00 7.519e-01 2.479e-01 2.625e-05 1.858e-05 8.384e-05 -1.000 2.000e-04 -2.908 0.272 -1.845 -2.754 -3.119 -3.285 -3.383
0.0002 -1.89055 10.07918 0.8030877113 3.0732028484    0.743  3.092  3.6520  0.777    7  0.000  0.417     0.00     0.00 -1    -1e-30      0.00 7.518e-01 2.480e-01 2.616e-05 1.880e-05 8.369e-05 -1.000 2.000e-04 -2.959 0.287 -1.872 -2.797 -3.168 -3.336 -3.436
0.0002 -1.89055 10.07918 0.8030878901 3.0732028484    0.743  3.125  3.6496  0.734    7  0.000  0.416     0.00     0.00 -1    -1e-30      0.00 7.517e-01 2.481e-01 2.605e-05 1.912e-05 8.348e-05 -1.000 2.000e-04 -3.043 0.316 -1.914 -2.867 -3.248 -3.421 -3.523
0.0002 -1.89055 10.07918 0.8030882478 3.0732028484    0.743  3.171  3.6462  0.675    7  0.000  0.415     0.00     0.00 -1    -1e-30      0.00 7.513e-01 2.485e-01 2.581e-05 1.982e-05 8.299e-05 -1.000 2.000e-04 -3.157 0.362 -1.968 -2.961 -3.356 -3.536 -3.642
0.0002 -1.89055 10.07918 0.8030886650 3.0732030869    0.743  3.209  3.6434  0.625    7  0.000  0.414     0.00     0.00 -1    -1e-30      0.00 7.510e-01 2.488e-01 2.564e-05 2.038e-05 8.258e-05 -1.000 2.000e-04 -3.253 0.406 -2.011 -3.040 -3.447 -3.632 -3.742
0.0002 -1.89055 10.07918 0.8030889034 3.0732033253    0.743  3.414  3.6091  0.283    8  0.549  0.390    92.87    44.33  1  -1.3e-06      0.00 7.290e-01 2.706e-01 6.375e-05 5.931e-05 2.177e-04 -1.000 3.690e-04 -3.766 1.455 -1.823 -3.263 -3.835 -4.097 -4.253
0.0002 -1.89055 10.07918 0.8030889630 3.0732033253    0.742  3.281  3.6172  0.448    8  0.549  0.390    65.02    32.57  1 -7.08e-07      0.00 7.290e-01 2.706e-01 6.375e-05 5.931e-05 2.177e-04 -1.000 3.690e-04 -3.433 1.327 -1.719 -3.026 -3.541 -3.779 -3.921
0.0002 -1.89055 10.07918 0.8030890226 3.0732033253    0.742  3.137  3.6304  0.645    8  0.549  0.390    42.52    22.55  1 -3.59e-07      0.00 7.290e-01 2.706e-01 6.375e-05 5.931e-05 2.177e-04 -1.000 3.690e-04 -3.072 1.035 -1.642 -2.779 -3.227 -3.435 -3.558
0.0002 -1.89055 10.07918 0.8030892015 3.0732033253    0.741  2.928  3.6494  0.929    8  0.549  0.390    23.04    13.26  1 -1.29e-07      0.00 7.290e-01 2.706e-01 6.375e-05 5.931e-05 2.177e-04 -1.000 3.690e-04 -2.550 0.684 -1.459 -2.378 -2.748 -2.918 -3.020
0.0002 -1.89055 10.07918 0.8030893803 3.0732035637    0.740  2.933  3.6489  0.921    8  0.549  0.390    23.43    13.45  1 -1.33e-07      0.00 7.290e-01 2.706e-01 6.375e-05 5.931e-05 2.177e-04 -1.000 3.690e-04 -2.563 0.692 -1.464 -2.388 -2.760 -2.931 -3.033
0.0002 -1.89055 10.07918 0.8030896783 3.0732035637    0.738  3.015  3.6414  0.808    8  0.550  0.390    29.92    16.59  1 -2.02e-07      0.00 7.290e-01 2.706e-01 6.375e-05 5.931e-05 2.177e-04 -1.000 3.690e-04 -2.768 0.819 -1.545 -2.551 -2.952 -3.137 -3.247
0.0002 -1.89055 10.07918 0.8030900359 3.0732038021    0.736  3.169  3.6273  0.597    8  0.550  0.390    47.20    24.56  1 -4.29e-07      0.00 7.290e-01 2.706e-01 6.375e-05 5.931e-05 2.177e-04 -1.000 3.690e-04 -3.152 1.109 -1.660 -2.837 -3.300 -3.513 -3.641
0.0002 -1.89055 10.07918 0.8030903935 3.0732038021    0.734  3.305  3.6149  0.410    8  0.550  0.390    70.71    34.76  1  -8.2e-07      0.00 7.290e-01 2.706e-01 6.375e-05 5.931e-05 2.177e-04 -1.000 3.690e-04 -3.492 1.392 -1.718 -3.060 -3.590 -3.834 -3.980
0.0002 -1.89055 10.07918 0.8030908704 3.0732040405    0.731  3.395  3.6066  0.285    8  0.551  0.390    92.69    43.82  1 -1.26e-06      0.00 7.290e-01 2.706e-01 6.375e-05 5.931e-05 2.177e-04 -1.000 3.690e-04 -3.719 1.580 -1.733 -3.192 -3.774 -4.042 -4.200
0.0002 -1.89055 10.07918 0.8030913472 3.0732042789    0.728  3.445  3.6019  0.215    8  0.551  0.390   107.89    49.82  1  -1.6e-06      0.00 7.290e-01 2.706e-01 6.375e-05 5.931e-05 2.177e-04 -1.000 3.690e-04 -3.843 1.684 -1.737 -3.261 -3.873 -4.154 -4.320
0.0002 -1.89055 10.07918 0.8030919433 3.0732045174    0.725  3.471  3.5995  0.178    8  0.552  0.390   116.97    53.27  1 -1.82e-06      0.00 7.290e-01 2.706e-01 6.375e-05 5.931e-05 2.177e-04 -1.000 3.690e-04 -3.907 1.742 -1.737 -3.294 -3.923 -4.211 -4.382
0.0002 -1.89055 10.07918 0.8030925393 3.0732047558    0.721  3.487  3.5980  0.153    8  0.552  0.390   123.35    55.58  0 -1.98e-06      0.00 7.290e-01 2.706e-01 6.375e-05 5.931e-05 2.177e-04 -1.000 3.690e-04 -3.947 1.781 -1.734 -3.315 -3.954 -4.247 -4.420
0.0002 -1.89055 10.07918 0.8030949235 3.0732059479    0.554 -9.999  4.0000  1.705    9  0.554  0.000     0.00     0.00 -1    -1e-30      0.00 7.290e-01 2.706e-01 6.375e-05 5.931e-05 2.177e-04 -1.000 3.690e-04 29.767 30.435 29.970 30.213 30.439 30.539 30.621
#isochrone terminated
