# File generated by CMD 3.6 (http://stev.oapd.inaf.it/cmd) on Fri Jan 28 21:12:53 CET 2022
# isochrones based on PARSEC release v1.2S +  COLIBRI S_35
# Basic references: Bressan et al. (2012), MNRAS, 427, 127 + Chen et al. (2014, 2015), MNRAS, 444, 2525 + MNRAS, 452, 1068 + Tang et al. (2014), MNRAS, 445, 4287 + Marigo et al. (2017), ApJ, 835, 77 + Pastorelli al. (2019), MNRAS, 485, 5666
# Thermal pulse cycles included 
# On RGB, assumed Reimers mass loss with efficiency eta=0.2
# Photometric system: LSST ugrizy, July 2019 total filter throughputs for DP0 (all ABmags)
# O-rich circumstellar dpmod60alox40 dust from Groenewegen (2006)
# C-rich circumstellar AMCSIC15 dust from Groenewegen (2006)
# IMF: Chabrier (2001) lognormal 
# Kind of output: isochrone tables
# Zini     MH   logAge Mini        int_IMF         Mass   logL    logTe  logg  label   McoreTP C_O  period0  period1  pmode  Mloss  tau1m   X   Y   Xc  Xn  Xo  Cexcess  Z 	 mbolmag  umag    gmag    rmag    imag    zmag    ymag
0.0001 -2.19174 10.07918 0.1000000015 1.5704020262    0.100 -2.780  3.5588  5.405    1  0.000  0.545     0.00     0.00 -1 -1.31e-16      0.00 7.453e-01 2.546e-01 1.798e-05 4.851e-06 4.400e-05 -1.000 1.000e-04 11.721 16.982 13.733 12.302 11.640 11.346 11.173
0.0001 -2.19174 10.07918 0.1098214313 1.6617937088    0.109 -2.632  3.5741  5.357    1  0.000  0.545     0.00     0.00 -1 -1.86e-16      0.00 7.435e-01 2.564e-01 1.798e-05 4.851e-06 4.400e-05 -1.000 1.000e-04 11.349 16.118 13.167 11.822 11.237 10.968 10.806
0.0001 -2.19174 10.07918 0.1294642836 1.8211320639    0.129 -2.390  3.5965  5.277    1  0.000  0.545     0.00     0.00 -1 -3.28e-16      0.00 7.405e-01 2.594e-01 1.798e-05 4.851e-06 4.400e-05 -1.000 1.000e-04 10.744 14.422 12.165 11.042 10.562 10.331 10.191
0.0001 -2.19174 10.07918 0.1491071582 1.9553365707    0.149 -2.227  3.6079  5.220    1  0.000  0.545     0.00     0.00 -1 -4.75e-16      0.00 7.387e-01 2.612e-01 1.798e-05 4.851e-06 4.400e-05 -1.000 9.990e-05 10.336 13.723 11.630 10.590 10.142 9.927 9.797
0.0001 -2.19174 10.07918 0.1687500030 2.0701541901    0.168 -2.100  3.6152  5.176    1  0.000  0.545     0.00     0.00 -1 -6.29e-16      0.00 7.378e-01 2.621e-01 1.798e-05 4.851e-06 4.400e-05 -1.000 9.990e-05 10.020 13.259 11.243 10.250 9.821 9.615 9.492
0.0001 -2.19174 10.07918 0.2080357224 2.2558510303    0.207 -1.896  3.6261  5.108    1  0.000  0.545     0.00     0.00 -1 -9.79e-16      0.00 7.374e-01 2.625e-01 1.798e-05 4.851e-06 4.400e-05 -1.000 9.999e-05 9.511 12.531 10.630 9.705 9.303 9.111 8.999
0.0001 -2.19174 10.07918 0.2571428716 2.4304642677    0.257 -1.708  3.6362  5.052    1  0.000  0.545     0.00     0.00 -1 -1.45e-15      0.00 7.377e-01 2.622e-01 1.798e-05 4.852e-06 4.400e-05 -1.000 9.996e-05 9.041 11.877 10.074 9.202 8.823 8.645 8.542
0.0001 -2.19174 10.07918 0.3062500358 2.5624904633    0.306 -1.563  3.6446  5.017    1  0.000  0.545     0.00     0.00 -1 -1.93e-15      0.00 7.377e-01 2.622e-01 1.797e-05 4.852e-06 4.400e-05 -1.000 9.996e-05 8.677 11.361 9.640 8.810 8.451 8.285 8.189
0.0001 -2.19174 10.07918 0.3553571403 2.6656370163    0.355 -1.440  3.6525  4.990    1  0.000  0.544     0.00     0.00 -1 -2.45e-15      0.00 7.387e-01 2.612e-01 1.796e-05 4.853e-06 4.400e-05 -1.000 1.000e-04 8.371 10.913 9.267 8.478 8.137 7.981 7.893
0.0001 -2.19174 10.07918 0.4044643044 2.7481539249    0.404 -1.319  3.6608  4.959    1  0.000  0.545     0.00     0.00 -1 -3.14e-15      0.00 7.500e-01 2.499e-01 1.798e-05 4.851e-06 4.400e-05 -1.000 9.996e-05 8.068 10.462 8.903 8.153 7.831 7.686 7.605
0.0001 -2.19174 10.07918 0.4535714388 2.8154466152    0.453 -1.173  3.6741  4.916    1  0.000  0.545     0.00     0.00 -1 -4.37e-15      0.00 7.507e-01 2.492e-01 1.798e-05 4.851e-06 4.400e-05 -1.000 9.999e-05 7.702 9.870 8.447 7.758 7.465 7.336 7.266
0.0001 -2.19174 10.07918 0.5026785731 2.8712792397    0.503 -1.009  3.6887  4.855    1  0.000  0.545     0.00     0.00 -1 -6.48e-15      0.00 7.526e-01 2.473e-01 1.786e-05 4.818e-06 4.370e-05 -1.000 1.000e-04 7.293 9.222 7.947 7.323 7.060 6.949 6.890
0.0001 -2.19174 10.07918 0.5517857671 2.9182069302    0.551 -0.809  3.7080  4.772    1  0.000  0.544     0.00     0.00 -1 -1.08e-14      0.00 7.851e-01 2.148e-01 1.566e-05 4.228e-06 3.837e-05 -1.000 9.948e-05 6.792 8.440 7.345 6.801 6.576 6.486 6.442
0.0001 -2.19174 10.07918 0.6008928418 2.9580702782    0.600 -0.603  3.7325  4.701    1  0.000  0.544     0.00     0.00 -1  -1.8e-14      0.00 7.980e-01 2.020e-01 1.482e-05 4.004e-06 3.635e-05 -1.000 5.256e-05 6.277 7.631 6.727 6.279 6.099 6.033 6.007
0.0001 -2.19174 10.07918 0.6072366834 2.9627888203    0.607 -0.575  3.7362  4.693    1  0.000  0.544     0.00     0.00 -1 -1.93e-14      0.00 8.001e-01 1.999e-01 1.469e-05 3.968e-06 3.603e-05 -1.000 1.489e-05 6.207 7.521 6.643 6.208 6.035 5.973 5.949
0.0001 -2.19174 10.07918 0.6183252931 2.9708235264    0.618 -0.525  3.7428  4.677    1  0.000  0.543     0.00     0.00 -1 -2.18e-14      0.00 8.038e-01 1.961e-01 1.444e-05 3.903e-06 3.544e-05 -1.000 1.000e-04 6.083 7.338 6.498 6.087 5.924 5.869 5.849
0.0001 -2.19174 10.07918 0.6282081604 2.9777655602    0.628 -0.480  3.7486  4.663    1  0.000  0.543     0.00     0.00 -1 -2.44e-14      0.00 8.074e-01 1.925e-01 1.421e-05 3.841e-06 3.489e-05 -1.000 5.597e-05 5.971 7.177 6.369 5.978 5.825 5.775 5.759
0.0001 -2.19174 10.07918 0.6378048062 2.9843153954    0.638 -0.437  3.7541  4.648    1  0.000  0.543     0.00     0.00 -1 -2.73e-14      0.00 8.111e-01 1.889e-01 1.398e-05 3.779e-06 3.433e-05 -1.000 2.368e-05 5.862 7.023 6.244 5.871 5.727 5.682 5.670
0.0001 -2.19174 10.07918 0.6491133571 2.9917931557    0.649 -0.385  3.7606  4.629    1  0.000  0.543     0.00     0.00 -1 -1.64e-14      0.00 8.156e-01 1.844e-01 1.369e-05 3.702e-06 3.363e-05 -1.000 5.880e-05 5.731 6.847 6.096 5.744 5.611 5.572 5.564
0.0001 -2.19174 10.07918 0.6499999762 2.9923686981    0.650 -0.380  3.7611  4.627    1  0.000  0.543     0.00     0.00 -1 -3.14e-14      0.00 8.159e-01 1.840e-01 1.367e-05 3.695e-06 3.358e-05 -1.000 1.000e-04 5.721 6.834 6.085 5.734 5.602 5.564 5.555
0.0001 -2.19174 10.07918 0.6585742235 2.9978575706    0.658 -0.340  3.7657  4.612    1  0.000  0.542     0.00     0.00 -1 -3.49e-14      0.00 8.203e-01 1.796e-01 1.338e-05 3.619e-06 3.290e-05 -1.000 1.000e-04 5.620 6.700 5.971 5.636 5.512 5.478 5.472
0.0001 -2.19174 10.07918 0.6688095927 3.0042312145    0.669 -0.291  3.7713  4.591    1  0.000  0.542     0.00     0.00 -1 -3.97e-14      0.00 8.259e-01 1.740e-01 1.302e-05 3.523e-06 3.204e-05 -1.000 1.001e-04 5.498 6.546 5.835 5.518 5.402 5.373 5.370
0.0001 -2.19174 10.07918 0.6785455346 3.0101208687    0.678 -0.243  3.7764  4.570    1  0.000  0.541     0.00     0.00 -1  -4.5e-14      0.00 8.316e-01 1.683e-01 1.265e-05 3.426e-06 3.116e-05 -1.000 9.993e-05 5.378 6.398 5.704 5.402 5.294 5.270 5.270
0.0001 -2.19174 10.07918 0.6878397465 3.0155920982    0.688 -0.196  3.7813  4.549    1  0.000  0.541     0.00     0.00 -1 -5.11e-14      0.00 8.374e-01 1.625e-01 1.228e-05 3.327e-06 3.027e-05 -1.000 9.997e-05 5.261 6.257 5.575 5.288 5.188 5.168 5.171
0.0001 -2.19174 10.07918 0.6960875988 3.0203289986    0.696 -0.153  3.7856  4.528    1  0.000  0.540     0.00     0.00 -1 -3.18e-15      0.00 8.429e-01 1.571e-01 1.193e-05 3.234e-06 2.943e-05 -1.000 3.627e-05 5.153 6.132 5.457 5.183 5.089 5.074 5.079
0.0001 -2.19174 10.07918 0.6999999881 3.0225379467    0.700 -0.132  3.7876  4.518    1  0.000  0.540     0.00     0.00 -1 -6.08e-14      0.00 8.456e-01 1.544e-01 1.176e-05 3.188e-06 2.902e-05 -1.000 9.090e-07 5.101 6.072 5.401 5.132 5.041 5.028 5.034
0.0001 -2.19174 10.07918 0.7090166807 3.0275390148    0.709 -0.082  3.7920  4.490    1  0.000  0.538     0.00     0.00 -1    -7e-14      0.00 8.505e-01 1.495e-01 1.145e-05 3.115e-06 2.838e-05 -1.000 1.347e-05 4.975 5.929 5.265 5.009 4.925 4.916 4.925
0.0001 -2.19174 10.07918 0.7175090313 3.0321378708    0.717 -0.032  3.7961  4.462    1  0.000  0.536     0.00     0.00 -1 -8.06e-14      0.00 8.545e-01 1.454e-01 1.122e-05 3.060e-06 2.791e-05 -1.000 6.422e-05 4.850 5.792 5.131 4.886 4.809 4.804 4.815
0.0001 -2.19174 10.07918 0.7258906364 3.0365743637    0.725  0.020  3.8001  4.431    1  0.000  0.534     0.00     0.00 -1 -9.36e-14      0.00 8.581e-01 1.419e-01 1.103e-05 3.016e-06 2.753e-05 -1.000 3.716e-05 4.720 5.651 4.991 4.758 4.687 4.685 4.699
0.0001 -2.19174 10.07918 0.7330866456 3.0403046608    0.733  0.067  3.8034  4.401    1  0.000  0.533     0.00     0.00 -1 -1.07e-13      0.00 8.608e-01 1.391e-01 1.089e-05 2.984e-06 2.726e-05 -1.000 4.674e-05 4.601 5.524 4.864 4.640 4.575 4.577 4.592
0.0001 -2.19174 10.07918 0.7400557995 3.0438504219    0.739  0.117  3.8065  4.368    1  0.000  0.531     0.00     0.00 -1 -8.97e-14      0.00 8.632e-01 1.367e-01 1.077e-05 2.957e-06 2.703e-05 -1.000 1.000e-04 4.478 5.394 4.732 4.518 4.458 4.463 4.480
0.0001 -2.19174 10.07918 0.7470233440 3.0473313332    0.746  0.170  3.8095  4.331    1  0.000  0.530     0.00     0.00 -1 -1.94e-14      0.00 8.654e-01 1.345e-01 1.066e-05 2.934e-06 2.683e-05 -1.000 1.000e-04 4.345 5.255 4.591 4.386 4.331 4.339 4.357
0.0001 -2.19174 10.07918 0.7500000000 3.0487992764    0.749  0.193  3.8108  4.314    1  0.000  0.529     0.00     0.00 -1 -1.57e-13      0.00 8.663e-01 1.336e-01 1.061e-05 2.925e-06 2.675e-05 -1.000 1.000e-04 4.286 5.194 4.528 4.327 4.274 4.284 4.302
0.0001 -2.19174 10.07918 0.7512725592 3.0494234562    0.751  0.204  3.8114  4.307    1  0.000  0.529     0.00     0.00 -1 -1.61e-13      0.00 8.663e-01 1.336e-01 1.062e-05 2.927e-06 2.677e-05 -1.000 1.000e-04 4.261 5.168 4.501 4.302 4.250 4.260 4.279
0.0001 -2.19174 10.07918 0.7593882084 3.0533559322    0.759  0.276  3.8149  4.254    1  0.000  0.529     0.00     0.00 -1 -2.01e-13      0.00 8.666e-01 1.334e-01 1.067e-05 2.941e-06 2.691e-05 -1.000 3.412e-06 4.081 4.982 4.310 4.121 4.076 4.090 4.109
0.0001 -2.19174 10.07918 0.7647736669 3.0559208393    0.764  0.328  3.8169  4.212    1  0.000  0.528     0.00     0.00 -1 -2.38e-13      0.00 8.666e-01 1.334e-01 1.070e-05 2.951e-06 2.701e-05 -1.000 9.060e-05 3.949 4.848 4.171 3.989 3.947 3.964 3.984
0.0001 -2.19174 10.07918 0.7698798180 3.0583205223    0.769  0.381  3.8184  4.168    1  0.000  0.528     0.00     0.00 -1 -2.81e-13      0.00 8.655e-01 1.344e-01 1.080e-05 2.978e-06 2.726e-05 -1.000 9.999e-05 3.817 4.715 4.034 3.857 3.818 3.836 3.857
0.0001 -2.19174 10.07918 0.7740544677 3.0602598190    0.773  0.428  3.8189  4.126    1  0.000  0.528     0.00     0.00 -1 -3.29e-13      0.00 8.642e-01 1.357e-01 1.091e-05 3.007e-06 2.753e-05 -1.000 1.000e-04 3.701 4.599 3.913 3.739 3.702 3.721 3.741
0.0001 -2.19174 10.07918 0.7755149603 3.0609333515    0.774  0.446  3.8185  4.107    1  0.000  0.528     0.00     0.00 -1 -3.51e-13      0.00 8.638e-01 1.361e-01 1.094e-05 3.017e-06 2.762e-05 -1.000 1.000e-04 3.654 4.554 3.866 3.692 3.654 3.672 3.693
0.0001 -2.19174 10.07918 0.7794836164 3.0627515316    0.778  0.501  3.8165  4.047    1  0.000  0.528     0.00     0.00 -1 -4.24e-13      0.00 8.626e-01 1.373e-01 1.104e-05 3.044e-06 2.787e-05 -1.000 1.000e-04 3.519 4.425 3.732 3.554 3.513 3.530 3.549
0.0001 -2.19174 10.07918 0.7822609544 3.0640132427    0.781  0.543  3.8136  3.994    1  0.000  0.528     0.00     0.00 -1 -4.96e-13      0.00 8.617e-01 1.382e-01 1.111e-05 3.063e-06 2.804e-05 -1.000 9.994e-05 3.412 4.326 3.630 3.445 3.400 3.414 3.432
0.0001 -2.19174 10.07918 0.7828532457 3.0642812252    0.781  0.553  3.8129  3.982    1  0.000  0.528     0.00     0.00 -1 -5.15e-13      0.00 8.616e-01 1.383e-01 1.112e-05 3.067e-06 2.808e-05 -1.000 1.000e-04 3.388 4.304 3.607 3.420 3.375 3.388 3.405
0.0001 -2.19174 10.07918 0.7834342718 3.0645437241    0.782  0.564  3.8115  3.966    1  0.000  0.528     0.00     0.00 -1 -5.37e-13      0.00 8.614e-01 1.385e-01 1.114e-05 3.071e-06 2.811e-05 -1.000 9.999e-05 3.360 4.280 3.582 3.392 3.344 3.356 3.373
0.0001 -2.19174 10.07918 0.7853887677 3.0654239655    0.784  0.604  3.8057  3.903    2  0.000  0.528     0.00     0.00 -1 -6.32e-13      0.00 8.608e-01 1.391e-01 1.119e-05 3.084e-06 2.823e-05 -1.000 9.994e-05 3.260 4.195 3.493 3.288 3.232 3.238 3.252
0.0001 -2.19174 10.07918 0.7868847847 3.0660946369    0.785  0.640  3.7986  3.840    2  0.000  0.528     0.00     0.00 -1 -7.37e-13      0.00 8.604e-01 1.395e-01 1.122e-05 3.094e-06 2.833e-05 -1.000 9.996e-05 3.171 4.127 3.419 3.196 3.128 3.128 3.138
0.0001 -2.19174 10.07918 0.7880567312 3.0666184425    0.786  0.672  3.7902  3.774    2  0.000  0.528     0.00     0.00 -1 -8.57e-13      0.00 8.600e-01 1.399e-01 1.125e-05 3.102e-06 2.840e-05 -1.000 9.811e-05 3.089 4.073 3.357 3.111 3.031 3.022 3.028
0.0001 -2.19174 10.07918 0.7890018225 3.0670397282    0.787  0.702  3.7811  3.708    2  0.000  0.528     0.00     0.00 -1  -9.9e-13      0.00 8.564e-01 1.436e-01 1.150e-05 3.170e-06 2.902e-05 -1.000 4.868e-05 3.014 4.031 3.304 3.034 2.939 2.921 2.922
0.0001 -2.19174 10.07918 0.7897948027 3.0673925877    0.788  0.731  3.7722  3.645    2  0.000  0.530     0.00     0.00 -1 -1.14e-12      0.00 8.391e-01 1.608e-01 1.253e-05 3.449e-06 3.152e-05 -1.000 2.539e-05 2.943 4.001 3.256 2.961 2.853 2.826 2.821
0.0001 -2.19174 10.07918 0.7904944420 3.0677032471    0.789  0.761  3.7641  3.583    2  0.000  0.533     0.00     0.00 -1 -1.31e-12      0.00 8.120e-01 1.879e-01 1.411e-05 3.872e-06 3.531e-05 -1.000 5.311e-05 2.869 3.967 3.204 2.886 2.765 2.730 2.720
0.0001 -2.19174 10.07918 0.7911152244 3.0679783821    0.789  0.793  3.7572  3.523    2  0.000  0.535     0.00     0.00 -1 -1.51e-12      0.00 7.927e-01 2.073e-01 1.524e-05 4.174e-06 3.800e-05 -1.000 9.003e-05 2.787 3.926 3.143 2.804 2.672 2.630 2.616
0.0001 -2.19174 10.07918 0.7917300463 3.0682506561    0.790  0.834  3.7510  3.457    2  0.000  0.536     0.00     0.00 -1 -1.78e-12      0.00 7.810e-01 2.189e-01 1.592e-05 4.356e-06 3.963e-05 -1.000 1.001e-04 2.685 3.860 3.059 2.702 2.560 2.512 2.494
0.0001 -2.19174 10.07918 0.7922153473 3.0684649944    0.790  0.874  3.7470  3.402    2  0.000  0.536     0.00     0.00 -1 -2.08e-12      0.00 7.756e-01 2.243e-01 1.624e-05 4.441e-06 4.039e-05 -1.000 1.000e-04 2.585 3.790 2.971 2.602 2.454 2.402 2.381
0.0001 -2.19174 10.07918 0.7925471067 3.0686116219    0.791  0.904  3.7446  3.362    2  0.000  0.536     0.00     0.00 -1 -2.34e-12      0.00 7.728e-01 2.271e-01 1.640e-05 4.484e-06 4.077e-05 -1.000 1.000e-04 2.510 3.731 2.903 2.527 2.375 2.320 2.298
0.0001 -2.19174 10.07918 0.7928423285 3.0687417984    0.791  0.934  3.7430  3.326    3  0.000  0.537     0.00     0.00 -1 -2.61e-12      0.00 7.710e-01 2.289e-01 1.650e-05 4.509e-06 4.100e-05 -1.000 1.001e-04 2.434 3.667 2.832 2.451 2.296 2.240 2.217
0.0001 -2.19174 10.07918 0.7932294011 3.0689125061    0.791  0.976  3.7409  3.276    3  0.000  0.537     0.00     0.00 -1 -3.04e-12      0.00 7.690e-01 2.310e-01 1.660e-05 4.538e-06 4.125e-05 -1.000 6.101e-05 2.331 3.579 2.735 2.348 2.190 2.131 2.107
0.0001 -2.19174 10.07918 0.7936193347 3.0690841675    0.792  1.020  3.7390  3.225    3  0.000  0.537     0.00     0.00 -1 -3.57e-12      0.00 7.671e-01 2.329e-01 1.669e-05 4.562e-06 4.146e-05 -1.000 3.588e-05 2.221 3.482 2.630 2.238 2.076 2.016 1.990
0.0001 -2.19174 10.07918 0.7939928174 3.0692486763    0.792  1.065  3.7374  3.174    3  0.000  0.537     0.00     0.00 -1  -4.2e-12      0.00 7.654e-01 2.346e-01 1.676e-05 4.581e-06 4.164e-05 -1.000 9.646e-05 2.109 3.384 2.523 2.126 1.962 1.901 1.873
0.0001 -2.19174 10.07918 0.7943897247 3.0694229603    0.792  1.115  3.7356  3.116    3  0.000  0.537     0.00     0.00 -1 -5.04e-12      0.00 7.637e-01 2.362e-01 1.683e-05 4.599e-06 4.180e-05 -1.000 9.997e-05 1.982 3.273 2.403 2.000 1.833 1.770 1.741
0.0001 -2.19174 10.07918 0.7947227955 3.0695693493    0.792  1.161  3.7341  3.065    3  0.000  0.537     0.00     0.00 -1 -5.94e-12      0.00 7.624e-01 2.375e-01 1.687e-05 4.611e-06 4.191e-05 -1.000 1.000e-04 1.868 3.172 2.293 1.886 1.717 1.652 1.623
0.0001 -2.19174 10.07918 0.7950597405 3.0697171688    0.793  1.211  3.7326  3.009    3  0.000  0.537     0.00     0.00 -1  -7.1e-12      0.00 7.611e-01 2.388e-01 1.691e-05 4.623e-06 4.200e-05 -1.000 5.375e-05 1.743 3.062 2.174 1.762 1.591 1.524 1.494
0.0001 -2.19174 10.07918 0.7953903079 3.0698621273    0.793  1.264  3.7309  2.949    3  0.000  0.537     0.00     0.00 -1 -8.59e-12      0.00 7.598e-01 2.401e-01 1.694e-05 4.634e-06 4.209e-05 -1.000 6.506e-05 1.611 2.945 2.047 1.630 1.455 1.387 1.355
0.0001 -2.19174 10.07918 0.7956570983 3.0699791908    0.793  1.311  3.7295  2.896    3  0.000  0.536     0.00     0.00 -1 -1.02e-11      0.00 7.588e-01 2.411e-01 1.696e-05 4.642e-06 4.215e-05 -1.000 9.477e-05 1.493 2.842 1.934 1.513 1.335 1.266 1.233
0.0001 -2.19174 10.07918 0.7959144711 3.0700917244    0.793  1.360  3.7280  2.841    3  0.000  0.536     0.00     0.00 -1 -1.21e-11      0.00 7.579e-01 2.420e-01 1.697e-05 4.651e-06 4.221e-05 -1.000 9.994e-05 1.371 2.734 1.816 1.390 1.210 1.140 1.106
0.0001 -2.19174 10.07918 0.7961456180 3.0701928139    0.793  1.408  3.7265  2.787    3  0.000  0.535     0.00     0.00 -1 -1.44e-11      0.00 7.571e-01 2.428e-01 1.696e-05 4.661e-06 4.225e-05 -1.000 9.999e-05 1.251 2.629 1.701 1.270 1.088 1.016 0.981
0.0001 -2.19174 10.07918 0.7963551283 3.0702846050    0.793  1.455  3.7249  2.734    3  0.000  0.535     0.00     0.00 -1 -1.71e-11      0.00 7.565e-01 2.434e-01 1.696e-05 4.671e-06 4.228e-05 -1.000 1.000e-04 1.132 2.525 1.587 1.152 0.967 0.893 0.857
0.0001 -2.19174 10.07918 0.7965425253 3.0703663826    0.793  1.502  3.7235  2.681    3  0.000  0.534     0.00     0.00 -1 -2.03e-11      0.00 7.559e-01 2.440e-01 1.695e-05 4.681e-06 4.231e-05 -1.000 1.000e-04 1.015 2.424 1.476 1.035 0.848 0.772 0.735
0.0001 -2.19174 10.07918 0.7967199087 3.0704438686    0.793  1.551  3.7219  2.626    3  0.000  0.533     0.00     0.00 -1 -2.41e-11      0.00 7.555e-01 2.444e-01 1.693e-05 4.692e-06 4.233e-05 -1.000 1.000e-04 0.893 2.321 1.362 0.915 0.725 0.648 0.609
0.0001 -2.19174 10.07918 0.7968773842 3.0705127716    0.793  1.598  3.7203  2.573    3  0.000  0.533     0.00     0.00 -1 -2.86e-11      0.00 7.552e-01 2.447e-01 1.692e-05 4.702e-06 4.235e-05 -1.000 9.994e-05 0.776 2.223 1.251 0.798 0.605 0.526 0.487
0.0001 -2.19174 10.07918 0.7970173359 3.0705738068    0.793  1.643  3.7188  2.521    3  0.000  0.532     0.00     0.00 -1 -3.37e-11      0.00 7.550e-01 2.449e-01 1.691e-05 4.710e-06 4.235e-05 -1.000 1.000e-04 0.661 2.127 1.143 0.685 0.489 0.409 0.368
0.0001 -2.19174 10.07918 0.7971441150 3.0706291199    0.793  1.689  3.7173  2.470    3  0.000  0.532     0.00     0.00 -1 -3.97e-11      0.00 7.548e-01 2.451e-01 1.690e-05 4.715e-06 4.236e-05 -1.000 9.450e-05 0.549 2.033 1.037 0.573 0.374 0.292 0.250
0.0001 -2.19174 10.07918 0.7972629666 3.0706808567    0.793  1.735  3.7157  2.417    3  0.000  0.532     0.00     0.00 -1 -4.69e-11      0.00 7.547e-01 2.452e-01 1.690e-05 4.718e-06 4.237e-05 -1.000 1.000e-04 0.434 1.939 0.929 0.458 0.257 0.173 0.130
0.0001 -2.19174 10.07918 0.7973679304 3.0707266331    0.792  1.779  3.7141  2.366    3  0.000  0.532     0.00     0.00 -1 -5.51e-11      0.00 7.547e-01 2.452e-01 1.690e-05 4.719e-06 4.237e-05 -1.000 1.001e-04 0.322 1.849 0.825 0.348 0.144 0.058 0.014
0.0001 -2.19174 10.07918 0.7974649072 3.0707690716    0.792  1.824  3.7125  2.315    3  0.000  0.532     0.00     0.00 -1 -6.47e-11      0.00 7.547e-01 2.452e-01 1.690e-05 4.719e-06 4.237e-05 -1.000 1.001e-04 0.211 1.758 0.721 0.237 0.030 -0.057 -0.103
0.0001 -2.19174 10.07918 0.7975539565 3.0708079338    0.792  1.868  3.7109  2.264    3  0.000  0.532     0.00     0.00 -1 -7.61e-11      0.00 7.547e-01 2.452e-01 1.690e-05 4.719e-06 4.237e-05 -1.000 1.001e-04 0.100 1.669 0.618 0.127 -0.083 -0.172 -0.218
0.0001 -2.19174 10.07918 0.7976330519 3.0708422661    0.792  1.911  3.7093  2.215    3  0.000  0.532     0.00     0.00 -1 -8.88e-11      0.00 7.547e-01 2.452e-01 1.690e-05 4.719e-06 4.237e-05 -1.000 1.000e-04 -0.006 1.585 0.520 0.022 -0.191 -0.282 -0.330
0.0001 -2.19174 10.07918 0.7977061272 3.0708742142    0.792  1.953  3.7078  2.167    3  0.000  0.532     0.00     0.00 -1 -1.04e-10      0.00 7.547e-01 2.452e-01 1.690e-05 4.719e-06 4.237e-05 -1.000 1.000e-04 -0.113 1.502 0.421 -0.083 -0.299 -0.392 -0.441
0.0001 -2.19174 10.07918 0.7977763414 3.0709047318    0.791  1.997  3.7061  2.116    3  0.000  0.532     0.00     0.00 -1 -1.22e-10      0.00 7.547e-01 2.452e-01 1.690e-05 4.720e-06 4.237e-05 -1.000 1.000e-04 -0.223 1.416 0.320 -0.192 -0.411 -0.506 -0.556
0.0001 -2.19174 10.07918 0.7978364825 3.0709309578    0.791  2.038  3.7045  2.068    3  0.000  0.532     0.00     0.00 -1 -1.41e-10      0.00 7.547e-01 2.452e-01 1.690e-05 4.720e-06 4.237e-05 -1.000 9.999e-05 -0.325 1.338 0.227 -0.292 -0.515 -0.612 -0.663
0.0001 -2.19174 10.07918 0.7978920341 3.0709550381    0.790  2.079  3.7030  2.021    3  0.000  0.532     0.00     0.00 -1 -1.64e-10      0.00 7.547e-01 2.452e-01 1.690e-05 4.720e-06 4.237e-05 -1.000 1.001e-04 -0.428 1.259 0.133 -0.392 -0.619 -0.717 -0.770
0.0001 -2.19174 10.07918 0.7979452014 3.0709784031    0.790  2.121  3.7014  1.972    3  0.000  0.532     0.00     0.00 -1 -1.91e-10      0.00 7.547e-01 2.452e-01 1.690e-05 4.720e-06 4.237e-05 -1.000 1.000e-04 -0.533 1.180 0.037 -0.496 -0.726 -0.826 -0.880
0.0001 -2.19174 10.07918 0.7979915142 3.0709984303    0.790  2.161  3.6998  1.925    3  0.000  0.532     0.00     0.00 -1 -2.21e-10      0.00 7.547e-01 2.452e-01 1.690e-05 4.720e-06 4.237e-05 -1.000 1.001e-04 -0.632 1.108 -0.053 -0.594 -0.827 -0.929 -0.985
0.0001 -2.19174 10.07918 0.7980349660 3.0710172653    0.789  2.200  3.6982  1.880    3  0.000  0.532     0.00     0.00 -1 -2.55e-10      0.00 7.547e-01 2.452e-01 1.690e-05 4.720e-06 4.237e-05 -1.000 1.000e-04 -0.731 1.036 -0.142 -0.691 -0.928 -1.032 -1.088
0.0001 -2.19174 10.07918 0.7980801463 3.0710370541    0.788  2.238  3.6968  1.836    3  0.000  0.532     0.00     0.00 -1 -2.93e-10      0.00 7.547e-01 2.452e-01 1.690e-05 4.720e-06 4.237e-05 -1.000 1.001e-04 -0.824 0.967 -0.226 -0.782 -1.022 -1.128 -1.186
0.0001 -2.19174 10.07918 0.7981302142 3.0710587502    0.788  2.268  3.6956  1.800    3  0.000  0.532     0.00     0.00 -1 -3.29e-10      0.00 7.547e-01 2.452e-01 1.690e-05 4.720e-06 4.237e-05 -1.000 9.999e-05 -0.901 0.912 -0.296 -0.858 -1.101 -1.208 -1.266
0.0001 -2.19174 10.07918 0.7981535792 3.0710690022    0.787  2.263  3.6960  1.807    3  0.000  0.532     0.00     0.00 -1 -3.25e-10      0.00 7.547e-01 2.452e-01 1.690e-05 4.720e-06 4.237e-05 -1.000 1.000e-04 -0.887 0.918 -0.285 -0.845 -1.087 -1.193 -1.251
0.0001 -2.19174 10.07918 0.7981594205 3.0710716248    0.787  2.270  3.6957  1.799    3  0.000  0.532     0.00     0.00 -1 -3.32e-10      0.00 7.547e-01 2.452e-01 1.690e-05 4.720e-06 4.237e-05 -1.000 1.000e-04 -0.904 0.907 -0.300 -0.862 -1.104 -1.211 -1.269
0.0001 -2.19174 10.07918 0.7981916666 3.0710854530    0.787  2.310  3.6940  1.752    3  0.000  0.532     0.00     0.00 -1 -3.81e-10      0.00 7.547e-01 2.452e-01 1.690e-05 4.720e-06 4.237e-05 -1.000 1.001e-04 -1.004 0.843 -0.388 -0.959 -1.205 -1.314 -1.374
0.0001 -2.19174 10.07918 0.7982242703 3.0710997581    0.786  2.352  3.6924  1.703    3  0.000  0.532     0.00     0.00 -1 -4.45e-10      0.00 7.547e-01 2.452e-01 1.690e-05 4.720e-06 4.237e-05 -1.000 1.000e-04 -1.111 0.773 -0.482 -1.063 -1.313 -1.424 -1.485
0.0001 -2.19174 10.07918 0.7982519865 3.0711119175    0.785  2.391  3.6907  1.657    3  0.000  0.532     0.00     0.00 -1 -5.13e-10      0.00 7.546e-01 2.453e-01 1.690e-05 4.721e-06 4.237e-05 -1.000 9.997e-05 -1.207 0.713 -0.566 -1.157 -1.411 -1.524 -1.586
0.0001 -2.19174 10.07918 0.7982791662 3.0711236000    0.785  2.431  3.6889  1.609    3  0.000  0.532     0.00     0.00 -1 -5.95e-10      0.00 7.546e-01 2.453e-01 1.690e-05 4.721e-06 4.237e-05 -1.000 1.000e-04 -1.308 0.651 -0.653 -1.255 -1.513 -1.628 -1.692
0.0001 -2.19174 10.07918 0.7983045578 3.0711348057    0.784  2.472  3.6873  1.562    3  0.000  0.532     0.00     0.00 -1  -6.9e-10      0.00 7.546e-01 2.453e-01 1.690e-05 4.721e-06 4.238e-05 -1.000 9.999e-05 -1.409 0.587 -0.741 -1.353 -1.615 -1.733 -1.799
0.0001 -2.19174 10.07918 0.7983267903 3.0711443424    0.783  2.510  3.6856  1.516    3  0.000  0.532     0.00     0.00 -1 -7.94e-10      0.00 7.546e-01 2.453e-01 1.690e-05 4.721e-06 4.238e-05 -1.000 1.000e-04 -1.504 0.530 -0.823 -1.445 -1.711 -1.831 -1.898
0.0001 -2.19174 10.07918 0.7983488441 3.0711538792    0.782  2.550  3.6837  1.468    3  0.000  0.532     0.00     0.00 -1 -9.21e-10      0.00 7.546e-01 2.453e-01 1.690e-05 4.721e-06 4.238e-05 -1.000 1.001e-04 -1.604 0.473 -0.908 -1.542 -1.813 -1.935 -2.004
0.0001 -2.19174 10.07918 0.7983683944 3.0711624622    0.781  2.588  3.6821  1.423    3  0.000  0.532     0.00     0.00 -1 -1.06e-09      0.00 7.546e-01 2.453e-01 1.690e-05 4.721e-06 4.238e-05 -1.000 1.000e-04 -1.699 0.418 -0.988 -1.634 -1.909 -2.033 -2.104
0.0001 -2.19174 10.07918 0.7983866334 3.0711703300    0.780  2.625  3.6804  1.378    3  0.000  0.532     0.00     0.00 -1 -1.22e-09      0.00 7.546e-01 2.453e-01 1.690e-05 4.721e-06 4.238e-05 -1.000 9.997e-05 -1.793 0.375 -1.065 -1.724 -2.004 -2.130 -2.202
0.0001 -2.19174 10.07918 0.7984039783 3.0711779594    0.779  2.664  3.6786  1.332    3  0.000  0.532     0.00     0.00 -1  -1.4e-09      0.00 7.546e-01 2.453e-01 1.690e-05 4.721e-06 4.238e-05 -1.000 1.000e-04 -1.889 0.334 -1.143 -1.815 -2.101 -2.229 -2.303
0.0001 -2.19174 10.07918 0.7984226942 3.0711860657    0.777  2.708  3.6767  1.279    3  0.000  0.532     0.00     0.00 -1 -1.65e-09      0.00 7.546e-01 2.453e-01 1.690e-05 4.721e-06 4.238e-05 -1.000 9.993e-05 -2.000 0.283 -1.234 -1.921 -2.213 -2.344 -2.419
0.0001 -2.19174 10.07918 0.7984377146 3.0711925030    0.776  2.746  3.6747  1.233    3  0.000  0.532     0.00     0.00 -1  -1.9e-09      0.00 7.546e-01 2.453e-01 1.690e-05 4.721e-06 4.238e-05 -1.000 1.000e-04 -2.095 0.250 -1.308 -2.011 -2.308 -2.442 -2.519
0.0001 -2.19174 10.07918 0.7984532118 3.0711994171    0.774  2.788  3.6728  1.182    3  0.000  0.532     0.00     0.00 -1 -2.23e-09      0.00 7.546e-01 2.453e-01 1.690e-05 4.721e-06 4.238e-05 -1.000 1.000e-04 -2.200 0.207 -1.392 -2.112 -2.415 -2.552 -2.630
0.0001 -2.19174 10.07918 0.7984660268 3.0712049007    0.773  2.825  3.6711  1.137    3  0.000  0.532     0.00     0.00 -1 -2.56e-09      0.00 7.546e-01 2.453e-01 1.690e-05 4.721e-06 4.238e-05 -1.000 9.994e-05 -2.294 0.172 -1.466 -2.200 -2.508 -2.648 -2.728
0.0001 -2.19174 10.07918 0.7984790802 3.0712106228    0.771  2.866  3.6689  1.087    3  0.000  0.532     0.00     0.00 -1 -2.98e-09      0.00 7.546e-01 2.453e-01 1.690e-05 4.721e-06 4.238e-05 -1.000 1.001e-04 -2.395 0.142 -1.542 -2.296 -2.610 -2.753 -2.835
0.0001 -2.19174 10.07918 0.7984898686 3.0712153912    0.769  2.902  3.6673  1.044    3  0.000  0.532     0.00     0.00 -1  -3.4e-09      0.00 7.546e-01 2.453e-01 1.690e-05 4.721e-06 4.238e-05 -1.000 1.000e-04 -2.484 0.112 -1.611 -2.380 -2.700 -2.845 -2.929
0.0001 -2.19174 10.07918 0.7985012531 3.0712201595    0.767  2.942  3.6652  0.994    3  0.000  0.532     0.00     0.00 -1 -3.95e-09      0.00 7.546e-01 2.453e-01 1.690e-05 4.721e-06 4.238e-05 -1.000 1.000e-04 -2.584 0.093 -1.684 -2.473 -2.799 -2.948 -3.034
0.0001 -2.19174 10.07918 0.7985127568 3.0712251663    0.764  2.985  3.6630  0.941    3  0.000  0.532     0.00     0.00 -1 -4.65e-09      0.00 7.546e-01 2.453e-01 1.690e-05 4.721e-06 4.238e-05 -1.000 1.001e-04 -2.692 0.078 -1.760 -2.572 -2.907 -3.059 -3.147
0.0001 -2.19174 10.07918 0.7985221744 3.0712292194    0.762  3.022  3.6611  0.894    3  0.000  0.532     0.00     0.00 -1 -5.36e-09      0.00 7.546e-01 2.453e-01 1.690e-05 4.721e-06 4.238e-05 -1.000 1.000e-04 -2.785 0.068 -1.825 -2.658 -3.000 -3.156 -3.246
0.0001 -2.19174 10.07918 0.7985301614 3.0712327957    0.760  3.056  3.6593  0.852    3  0.000  0.532     0.00     0.00 -1 -6.09e-09      0.00 7.546e-01 2.453e-01 1.690e-05 4.721e-06 4.238e-05 -1.000 9.999e-05 -2.869 0.065 -1.880 -2.735 -3.084 -3.243 -3.335
0.0001 -2.19174 10.07918 0.7985384464 3.0712363720    0.757  3.093  3.6575  0.806    3  0.000  0.532     0.00     0.00 -1    -7e-09      0.00 7.546e-01 2.453e-01 1.690e-05 4.721e-06 4.238e-05 -1.000 1.001e-04 -2.962 0.056 -1.943 -2.819 -3.176 -3.338 -3.433
0.0001 -2.19174 10.07918 0.7985469103 3.0712401867    0.753  3.132  3.6552  0.756    3  0.000  0.532     0.00     0.00 -1 -8.14e-09      0.00 7.546e-01 2.453e-01 1.690e-05 4.721e-06 4.238e-05 -1.000 1.000e-04 -3.061 0.059 -2.006 -2.909 -3.275 -3.441 -3.538
0.0001 -2.19174 10.07918 0.7985540628 3.0712432861    0.750  3.168  3.6533  0.711    3  0.000  0.532     0.00     0.00 -1 -9.33e-09      0.00 7.546e-01 2.453e-01 1.690e-05 4.721e-06 4.238e-05 -1.000 1.000e-04 -3.150 0.062 -2.062 -2.989 -3.363 -3.533 -3.632
0.0001 -2.19174 10.07918 0.7985612154 3.0712463856    0.746  3.205  3.6513  0.663    3  0.000  0.532     0.00     0.00 -1 -1.08e-08      0.00 7.546e-01 2.453e-01 1.690e-05 4.721e-06 4.238e-05 -1.000 1.000e-04 -3.242 0.075 -2.117 -3.069 -3.453 -3.626 -3.728
0.0001 -2.19174 10.07918 0.7985678911 3.0712492466    0.743  3.239  3.6494  0.620    3  0.000  0.532     0.00     0.00 -1 -1.23e-08      0.00 7.546e-01 2.453e-01 1.690e-05 4.721e-06 4.238e-05 -1.000 1.001e-04 -3.326 0.090 -2.164 -3.142 -3.534 -3.711 -3.815
0.0001 -2.19174 10.07918 0.7985697389 3.0712499619    0.741  3.247  3.6490  0.609    3  0.000  0.532     0.00     0.00 -1 -1.27e-08      0.00 7.546e-01 2.453e-01 1.690e-05 4.721e-06 4.238e-05 -1.000 1.000e-04 -3.348 0.094 -2.177 -3.161 -3.555 -3.734 -3.838
0.0001 -2.19174 10.07918 0.7985697389 3.0712499619    0.741  1.658  3.9482  3.395    4  0.000  0.533     0.00     0.00 -1    -1e-30      0.00 7.562e-01 2.437e-01 1.688e-05 4.684e-06 4.222e-05 -1.000 1.000e-04 0.626 1.384 0.612 0.825 1.023 1.134 1.160
0.0001 -2.19174 10.07918 0.7985704541 3.0712502003    0.741  1.664  3.9443  3.373    4  0.000  0.533     0.00     0.00 -1    -1e-30      0.00 7.562e-01 2.437e-01 1.688e-05 4.684e-06 4.222e-05 -1.000 9.999e-05 0.609 1.366 0.587 0.794 0.988 1.096 1.122
0.0001 -2.19174 10.07918 0.7986187339 3.0712714195    0.741  1.685  3.9336  3.309    4  0.000  0.533     0.00     0.00 -1    -1e-30      0.00 7.562e-01 2.437e-01 1.688e-05 4.684e-06 4.222e-05 -1.000 9.991e-05 0.558 1.316 0.514 0.705 0.888 0.990 1.013
0.0001 -2.19174 10.07918 0.7986656427 3.0712916851    0.741  1.685  3.9337  3.310    4  0.000  0.533     0.00     0.00 -1    -1e-30      0.00 7.562e-01 2.437e-01 1.688e-05 4.684e-06 4.222e-05 -1.000 1.001e-04 0.557 1.315 0.513 0.705 0.888 0.990 1.013
0.0001 -2.19174 10.07918 0.7987126708 3.0713121891    0.741  1.685  3.9339  3.311    4  0.000  0.533     0.00     0.00 -1    -1e-30      0.00 7.562e-01 2.437e-01 1.688e-05 4.684e-06 4.222e-05 -1.000 9.993e-05 0.557 1.315 0.514 0.705 0.889 0.991 1.014
0.0001 -2.19174 10.07918 0.7987601757 3.0713326931    0.741  1.685  3.9339  3.311    4  0.000  0.533     0.00     0.00 -1    -1e-30      0.00 7.562e-01 2.437e-01 1.688e-05 4.684e-06 4.222e-05 -1.000 9.993e-05 0.557 1.315 0.514 0.705 0.889 0.991 1.014
0.0001 -2.19174 10.07918 0.7988089919 3.0713539124    0.741  1.685  3.9337  3.309    4  0.000  0.533     0.00     0.00 -1    -1e-30      0.00 7.562e-01 2.437e-01 1.688e-05 4.684e-06 4.222e-05 -1.000 9.999e-05 0.557 1.315 0.513 0.704 0.887 0.989 1.012
0.0001 -2.19174 10.07918 0.7988574505 3.0713751316    0.741  1.686  3.9331  3.307    4  0.000  0.533     0.00     0.00 -1    -1e-30      0.00 7.562e-01 2.437e-01 1.688e-05 4.684e-06 4.222e-05 -1.000 1.000e-04 0.556 1.314 0.511 0.701 0.884 0.986 1.008
0.0001 -2.19174 10.07918 0.7989027500 3.0713946819    0.741  1.686  3.9323  3.303    4  0.000  0.533     0.00     0.00 -1    -1e-30      0.00 7.562e-01 2.437e-01 1.688e-05 4.684e-06 4.222e-05 -1.000 1.000e-04 0.555 1.314 0.509 0.698 0.879 0.980 1.003
0.0001 -2.19174 10.07918 0.7989516258 3.0714159012    0.741  1.687  3.9311  3.298    4  0.000  0.533     0.00     0.00 -1    -1e-30      0.00 7.562e-01 2.437e-01 1.688e-05 4.684e-06 4.222e-05 -1.000 9.999e-05 0.553 1.312 0.506 0.692 0.872 0.973 0.995
0.0001 -2.19174 10.07918 0.7989966869 3.0714354515    0.742  1.688  3.9297  3.291    4  0.000  0.533     0.00     0.00 -1    -1e-30      0.00 7.562e-01 2.437e-01 1.688e-05 4.684e-06 4.222e-05 -1.000 9.993e-05 0.550 1.311 0.501 0.685 0.864 0.963 0.985
0.0001 -2.19174 10.07918 0.7990423441 3.0714552402    0.742  1.689  3.9278  3.282    4  0.000  0.533     0.00     0.00 -1    -1e-30      0.00 7.562e-01 2.437e-01 1.688e-05 4.684e-06 4.222e-05 -1.000 9.999e-05 0.547 1.308 0.496 0.677 0.852 0.951 0.973
0.0001 -2.19174 10.07918 0.7990902662 3.0714762211    0.742  1.691  3.9254  3.271    4  0.000  0.533     0.00     0.00 -1    -1e-30      0.00 7.562e-01 2.437e-01 1.688e-05 4.684e-06 4.222e-05 -1.000 9.997e-05 0.543 1.305 0.489 0.665 0.838 0.936 0.957
0.0001 -2.19174 10.07918 0.7991400957 3.0714976788    0.742  1.693  3.9225  3.257    4  0.000  0.533     0.00     0.00 -1    -1e-30      0.00 7.562e-01 2.437e-01 1.688e-05 4.684e-06 4.222e-05 -1.000 9.999e-05 0.538 1.302 0.480 0.651 0.820 0.916 0.936
0.0001 -2.19174 10.07918 0.7991865873 3.0715179443    0.742  1.695  3.9192  3.242    4  0.000  0.533     0.00     0.00 -1    -1e-30      0.00 7.562e-01 2.437e-01 1.688e-05 4.684e-06 4.222e-05 -1.000 1.000e-04 0.532 1.298 0.470 0.635 0.801 0.895 0.915
0.0001 -2.19174 10.07918 0.7992334962 3.0715382099    0.742  1.698  3.9154  3.224    4  0.000  0.533     0.00     0.00 -1    -1e-30      0.00 7.562e-01 2.437e-01 1.688e-05 4.684e-06 4.222e-05 -1.000 9.997e-05 0.526 1.294 0.462 0.619 0.779 0.871 0.890
0.0001 -2.19174 10.07918 0.7992828488 3.0715596676    0.742  1.701  3.9109  3.203    4  0.000  0.533     0.00     0.00 -1    -1e-30      0.00 7.562e-01 2.437e-01 1.688e-05 4.684e-06 4.222e-05 -1.000 9.993e-05 0.518 1.290 0.453 0.599 0.753 0.842 0.861
0.0001 -2.19174 10.07918 0.7993294001 3.0715799332    0.742  1.704  3.9062  3.181    4  0.000  0.533     0.00     0.00 -1    -1e-30      0.00 7.562e-01 2.437e-01 1.688e-05 4.684e-06 4.222e-05 -1.000 9.997e-05 0.509 1.286 0.442 0.579 0.726 0.812 0.830
0.0001 -2.19174 10.07918 0.7993761301 3.0716001987    0.742  1.708  3.9008  3.155    4  0.000  0.533     0.00     0.00 -1    -1e-30      0.00 7.562e-01 2.437e-01 1.688e-05 4.684e-06 4.222e-05 -1.000 9.999e-05 0.500 1.282 0.436 0.558 0.696 0.779 0.797
0.0001 -2.19174 10.07918 0.7994243503 3.0716211796    0.742  1.712  3.8947  3.127    4  0.000  0.533     0.00     0.00 -1    -1e-30      0.00 7.562e-01 2.437e-01 1.688e-05 4.684e-06 4.222e-05 -1.000 1.000e-04 0.489 1.279 0.429 0.535 0.663 0.742 0.760
0.0001 -2.19174 10.07918 0.7994737029 3.0716426373    0.742  1.717  3.8879  3.095    4  0.000  0.533     0.00     0.00 -1    -1e-30      0.00 7.562e-01 2.437e-01 1.688e-05 4.684e-06 4.222e-05 -1.000 9.991e-05 0.478 1.277 0.425 0.510 0.627 0.702 0.719
0.0001 -2.19174 10.07918 0.7995197177 3.0716624260    0.742  1.722  3.8810  3.063    4  0.000  0.533     0.00     0.00 -1    -1e-30      0.00 7.562e-01 2.437e-01 1.688e-05 4.684e-06 4.222e-05 -1.000 9.997e-05 0.466 1.275 0.424 0.487 0.592 0.662 0.679
0.0001 -2.19174 10.07918 0.7995240688 3.0716643333    0.742  1.722  3.8803  3.059    4  0.000  0.533     0.00     0.00 -1    -1e-30      0.00 7.562e-01 2.437e-01 1.688e-05 4.684e-06 4.222e-05 -1.000 9.997e-05 0.464 1.275 0.424 0.485 0.588 0.658 0.676
0.0001 -2.19174 10.07918 0.7995317578 3.0716676712    0.742  1.723  3.8792  3.054    4  0.000  0.533     0.00     0.00 -1    -1e-30      0.00 7.562e-01 2.437e-01 1.688e-05 4.684e-06 4.222e-05 -1.000 1.000e-04 0.462 1.275 0.423 0.481 0.582 0.652 0.669
0.0001 -2.19174 10.07918 0.7995770574 3.0716872215    0.742  1.728  3.8726  3.023    4  0.000  0.533     0.00     0.00 -1    -1e-30      0.00 7.562e-01 2.437e-01 1.688e-05 4.684e-06 4.222e-05 -1.000 1.000e-04 0.451 1.274 0.424 0.462 0.551 0.616 0.633
0.0001 -2.19174 10.07918 0.7996212244 3.0717065334    0.742  1.733  3.8655  2.990    4  0.000  0.533     0.00     0.00 -1    -1e-30      0.00 7.562e-01 2.437e-01 1.688e-05 4.684e-06 4.222e-05 -1.000 9.993e-05 0.438 1.274 0.427 0.442 0.517 0.577 0.594
0.0001 -2.19174 10.07918 0.7996684313 3.0717270374    0.742  1.738  3.8575  2.952    4  0.000  0.533     0.00     0.00 -1    -1e-30      0.00 7.562e-01 2.437e-01 1.688e-05 4.684e-06 4.222e-05 -1.000 1.000e-04 0.424 1.274 0.431 0.422 0.482 0.535 0.552
0.0001 -2.19174 10.07918 0.7997133732 3.0717463493    0.742  1.744  3.8492  2.913    4  0.000  0.533     0.00     0.00 -1    -1e-30      0.00 7.562e-01 2.437e-01 1.688e-05 4.684e-06 4.222e-05 -1.000 1.001e-04 0.410 1.274 0.437 0.402 0.446 0.493 0.510
0.0001 -2.19174 10.07918 0.7997564077 3.0717651844    0.742  1.750  3.8408  2.874    4  0.000  0.533     0.00     0.00 -1    -1e-30      0.00 7.562e-01 2.437e-01 1.688e-05 4.684e-06 4.222e-05 -1.000 9.999e-05 0.395 1.276 0.444 0.384 0.412 0.452 0.467
0.0001 -2.19174 10.07918 0.7998008728 3.0717842579    0.742  1.756  3.8323  2.834    4  0.000  0.533     0.00     0.00 -1    -1e-30      0.00 7.562e-01 2.437e-01 1.688e-05 4.684e-06 4.222e-05 -1.000 9.993e-05 0.380 1.279 0.451 0.365 0.378 0.410 0.424
0.0001 -2.19174 10.07918 0.7998445034 3.0718033314    0.742  1.762  3.8239  2.794    4  0.000  0.533     0.00     0.00 -1    -1e-30      0.00 7.562e-01 2.437e-01 1.688e-05 4.684e-06 4.222e-05 -1.000 9.991e-05 0.364 1.282 0.459 0.347 0.343 0.368 0.381
0.0001 -2.19174 10.07918 0.7998885512 3.0718224049    0.743  1.769  3.8158  2.755    4  0.000  0.533     0.00     0.00 -1    -1e-30      0.00 7.562e-01 2.437e-01 1.688e-05 4.684e-06 4.222e-05 -1.000 9.993e-05 0.348 1.287 0.467 0.330 0.311 0.328 0.339
0.0001 -2.19174 10.07918 0.7999327183 3.0718414783    0.743  1.775  3.8083  2.719    4  0.000  0.533     0.00     0.00 -1    -1e-30      0.00 7.562e-01 2.437e-01 1.688e-05 4.684e-06 4.222e-05 -1.000 9.991e-05 0.331 1.292 0.473 0.313 0.280 0.290 0.299
0.0001 -2.19174 10.07918 0.7999771237 3.0718607903    0.743  1.784  3.7999  2.677    4  0.000  0.533     0.00     0.00 -1    -1e-30      0.00 7.562e-01 2.437e-01 1.688e-05 4.684e-06 4.222e-05 -1.000 9.993e-05 0.311 1.297 0.478 0.292 0.244 0.246 0.252
0.0001 -2.19174 10.07918 0.7999859452 3.0718646049    0.743  1.786  3.7981  2.668    4  0.000  0.533     0.00     0.00 -1    -1e-30      0.00 7.562e-01 2.437e-01 1.688e-05 4.684e-06 4.222e-05 -1.000 9.991e-05 0.306 1.299 0.479 0.288 0.237 0.237 0.242
0.0001 -2.19174 10.07918 0.8000315428 3.0718843937    0.743  1.796  3.7900  2.625    4  0.000  0.533     0.00     0.00 -1    -1e-30      0.00 7.562e-01 2.437e-01 1.688e-05 4.684e-06 4.222e-05 -1.000 9.999e-05 0.281 1.303 0.480 0.264 0.198 0.190 0.192
0.0001 -2.19174 10.07918 0.8000764251 3.0719037056    0.743  1.810  3.7799  2.570    4  0.000  0.533     0.00     0.00 -1    -1e-30      0.00 7.562e-01 2.437e-01 1.688e-05 4.684e-06 4.222e-05 -1.000 1.000e-04 0.244 1.305 0.475 0.228 0.144 0.127 0.124
0.0001 -2.19174 10.07918 0.8001142144 3.0719201565    0.743  1.836  3.7669  2.492    4  0.000  0.533     0.00     0.00 -1    -1e-30      0.00 7.562e-01 2.437e-01 1.688e-05 4.684e-06 4.222e-05 -1.000 9.991e-05 0.179 1.303 0.455 0.167 0.060 0.029 0.020
0.0001 -2.19174 10.07918 0.8001347184 3.0719289780    0.743  1.867  3.7553  2.415    4  0.000  0.533     0.00     0.00 -1    -1e-30      0.00 7.562e-01 2.437e-01 1.688e-05 4.684e-06 4.222e-05 -1.000 1.000e-04 0.101 1.293 0.419 0.093 -0.035 -0.077 -0.093
0.0001 -2.19174 10.07918 0.8001438975 3.0719330311    0.743  1.899  3.7461  2.346    4  0.000  0.533     0.00     0.00 -1    -1e-30      0.00 7.562e-01 2.437e-01 1.688e-05 4.684e-06 4.222e-05 -1.000 9.999e-05 0.023 1.275 0.375 0.018 -0.126 -0.177 -0.199
0.0001 -2.19174 10.07918 0.8001480699 3.0719347000    0.743  1.932  3.7383  2.282    4  0.000  0.533     0.00     0.00 -1    -1e-30      0.00 7.562e-01 2.437e-01 1.688e-05 4.684e-06 4.222e-05 -1.000 9.999e-05 -0.061 1.248 0.323 -0.061 -0.220 -0.279 -0.306
0.0001 -2.19174 10.07918 0.8001500368 3.0719356537    0.743  1.963  3.7325  2.228    4  0.000  0.533     0.00     0.00 -1    -1e-30      0.00 7.562e-01 2.437e-01 1.688e-05 4.684e-06 4.222e-05 -1.000 9.999e-05 -0.139 1.221 0.270 -0.136 -0.305 -0.370 -0.401
0.0001 -2.19174 10.07918 0.8001508117 3.0719358921    0.743  1.984  3.7294  2.195    7  0.000  0.533     0.00     0.00 -1    -1e-30      0.00 7.562e-01 2.437e-01 1.688e-05 4.684e-06 4.222e-05 -1.000 9.999e-05 -0.189 1.199 0.233 -0.184 -0.359 -0.427 -0.461
0.0001 -2.19174 10.07918 0.8001510501 3.0719361305    0.743  1.993  3.7283  2.181    7  0.000  0.533     0.00     0.00 -1    -1e-30      0.00 7.562e-01 2.437e-01 1.688e-05 4.684e-06 4.222e-05 -1.000 9.999e-05 -0.212 1.187 0.215 -0.206 -0.383 -0.453 -0.487
0.0001 -2.19174 10.07918 0.8001519442 3.0719363689    0.743  2.032  3.7241  2.125    7  0.000  0.533     0.00     0.00 -1    -1e-30      0.00 7.562e-01 2.437e-01 1.688e-05 4.684e-06 4.222e-05 -1.000 9.990e-05 -0.311 1.127 0.134 -0.302 -0.487 -0.561 -0.598
0.0001 -2.19174 10.07918 0.8001527786 3.0719368458    0.743  2.072  3.7205  2.070    7  0.000  0.533     0.00     0.00 -1    -1e-30      0.00 7.562e-01 2.437e-01 1.688e-05 4.684e-06 4.222e-05 -1.000 1.000e-04 -0.411 1.070 0.052 -0.399 -0.590 -0.669 -0.709
0.0001 -2.19174 10.07918 0.8001536131 3.0719370842    0.743  2.112  3.7172  2.017    7  0.000  0.533     0.00     0.00 -1    -1e-30      0.00 7.562e-01 2.437e-01 1.688e-05 4.684e-06 4.222e-05 -1.000 9.999e-05 -0.511 1.010 -0.031 -0.496 -0.694 -0.776 -0.818
0.0001 -2.19174 10.07918 0.8001544476 3.0719375610    0.743  2.150  3.7145  1.969    7  0.000  0.533     0.00     0.00 -1    -1e-30      0.00 7.562e-01 2.437e-01 1.688e-05 4.684e-06 4.222e-05 -1.000 9.999e-05 -0.604 0.951 -0.110 -0.587 -0.790 -0.875 -0.919
0.0001 -2.19174 10.07918 0.8001558185 3.0719380379    0.743  2.173  3.7130  1.940    7  0.000  0.533     0.00     0.00 -1    -1e-30      0.00 7.562e-01 2.437e-01 1.688e-05 4.684e-06 4.222e-05 -1.000 9.990e-05 -0.662 0.912 -0.160 -0.644 -0.850 -0.936 -0.981
0.0001 -2.19174 10.07918 0.8001583219 3.0719392300    0.743  2.153  3.7146  1.966    7  0.000  0.533     0.00     0.00 -1    -1e-30      0.00 7.562e-01 2.437e-01 1.688e-05 4.684e-06 4.222e-05 -1.000 1.000e-04 -0.613 0.942 -0.119 -0.596 -0.798 -0.883 -0.927
0.0001 -2.19174 10.07918 0.8001741767 3.0719461441    0.743  2.143  3.7149  1.977    7  0.000  0.533     0.00     0.00 -1    -1e-30      0.00 7.562e-01 2.437e-01 1.688e-05 4.684e-06 4.222e-05 -1.000 9.993e-05 -0.587 0.963 -0.095 -0.571 -0.773 -0.857 -0.901
0.0001 -2.19174 10.07918 0.8001891375 3.0719525814    0.743  2.174  3.7124  1.936    7  0.000  0.533     0.00     0.00 -1    -1e-30      0.00 7.562e-01 2.437e-01 1.688e-05 4.684e-06 4.222e-05 -1.000 9.991e-05 -0.666 0.917 -0.160 -0.647 -0.854 -0.941 -0.987
0.0001 -2.19174 10.07918 0.8002071977 3.0719604492    0.743  2.222  3.7091  1.876    7  0.000  0.533     0.00     0.00 -1    -1e-30      0.00 7.562e-01 2.437e-01 1.688e-05 4.684e-06 4.222e-05 -1.000 9.990e-05 -0.784 0.844 -0.261 -0.761 -0.976 -1.066 -1.115
0.0001 -2.19174 10.07918 0.8002245426 3.0719678402    0.743  2.263  3.7064  1.823    7  0.000  0.533     0.00     0.00 -1    -1e-30      0.00 7.562e-01 2.437e-01 1.688e-05 4.684e-06 4.222e-05 -1.000 9.999e-05 -0.888 0.780 -0.349 -0.863 -1.083 -1.177 -1.227
0.0001 -2.19174 10.07918 0.8002404571 3.0719747543    0.743  2.305  3.7039  1.772    7  0.000  0.533     0.00     0.00 -1    -1e-30      0.00 7.562e-01 2.437e-01 1.688e-05 4.684e-06 4.222e-05 -1.000 9.999e-05 -0.991 0.716 -0.437 -0.963 -1.188 -1.285 -1.337
0.0001 -2.19174 10.07918 0.8002547622 3.0719809532    0.743  2.346  3.7015  1.721    7  0.000  0.533     0.00     0.00 -1    -1e-30      0.00 7.562e-01 2.437e-01 1.688e-05 4.685e-06 4.222e-05 -1.000 9.993e-05 -1.094 0.652 -0.526 -1.063 -1.293 -1.393 -1.447
0.0001 -2.19174 10.07918 0.8002675176 3.0719864368    0.743  2.387  3.6992  1.670    7  0.000  0.533     0.00     0.00 -1    -1e-30      0.00 7.562e-01 2.437e-01 1.687e-05 4.687e-06 4.222e-05 -1.000 9.999e-05 -1.198 0.586 -0.615 -1.163 -1.399 -1.502 -1.558
0.0001 -2.19174 10.07918 0.8002787232 3.0719912052    0.743  2.428  3.6969  1.620    7  0.000  0.531     0.00     0.00 -1    -1e-30      0.00 7.562e-01 2.437e-01 1.681e-05 4.709e-06 4.222e-05 -1.000 9.558e-05 -1.301 0.521 -0.703 -1.263 -1.504 -1.610 -1.667
0.0001 -2.19174 10.07918 0.8002885580 3.0719954967    0.743  2.469  3.6946  1.570    7  0.000  0.524     0.00     0.00 -1    -1e-30      0.00 7.561e-01 2.438e-01 1.661e-05 4.858e-06 4.222e-05 -1.000 9.355e-05 -1.403 0.462 -0.789 -1.362 -1.608 -1.716 -1.776
0.0001 -2.19174 10.07918 0.8002974987 3.0719995499    0.743  2.510  3.6924  1.520    7  0.000  0.510     0.00     0.00 -1    -1e-30      0.00 7.560e-01 2.439e-01 1.616e-05 5.335e-06 4.223e-05 -1.000 9.890e-05 -1.506 0.407 -0.875 -1.461 -1.712 -1.823 -1.885
0.0001 -2.19174 10.07918 0.8003056049 3.0720028877    0.743  2.551  3.6902  1.471    7  0.000  0.493     0.00     0.00 -1    -1e-30      0.00 7.559e-01 2.440e-01 1.562e-05 5.991e-06 4.224e-05 -1.000 1.000e-04 -1.607 0.354 -0.959 -1.559 -1.815 -1.929 -1.993
0.0001 -2.19174 10.07918 0.8003131151 3.0720062256    0.743  2.591  3.6880  1.421    7  0.000  0.477     0.00     0.00 -1    -1e-30      0.00 7.557e-01 2.442e-01 1.512e-05 6.603e-06 4.225e-05 -1.000 1.000e-04 -1.709 0.303 -1.043 -1.656 -1.919 -2.035 -2.100
0.0001 -2.19174 10.07918 0.8003200293 3.0720090866    0.743  2.632  3.6858  1.372    7  0.000  0.463     0.00     0.00 -1    -1e-30      0.00 7.555e-01 2.444e-01 1.468e-05 7.141e-06 4.227e-05 -1.000 1.000e-04 -1.810 0.253 -1.126 -1.754 -2.022 -2.141 -2.208
0.0001 -2.19174 10.07918 0.8003265858 3.0720119476    0.743  2.672  3.6836  1.323    7  0.000  0.452     0.00     0.00 -1    -1e-30      0.00 7.553e-01 2.446e-01 1.432e-05 7.595e-06 4.228e-05 -1.000 9.996e-05 -1.911 0.205 -1.208 -1.850 -2.124 -2.246 -2.316
0.0001 -2.19174 10.07918 0.8003328443 3.0720148087    0.743  2.713  3.6814  1.274    7  0.000  0.442     0.00     0.00 -1    -1e-30      0.00 7.550e-01 2.449e-01 1.400e-05 7.990e-06 4.227e-05 -1.000 1.000e-04 -2.012 0.160 -1.289 -1.947 -2.227 -2.352 -2.423
0.0001 -2.19174 10.07918 0.8003388643 3.0720174313    0.743  2.753  3.6792  1.225    7  0.000  0.433     0.00     0.00 -1    -1e-30      0.00 7.548e-01 2.451e-01 1.372e-05 8.332e-06 4.227e-05 -1.000 9.991e-05 -2.113 0.125 -1.367 -2.042 -2.329 -2.457 -2.530
0.0001 -2.19174 10.07918 0.8003445864 3.0720198154    0.743  2.794  3.6770  1.174    7  0.000  0.425     0.00     0.00 -1    -1e-30      0.00 7.545e-01 2.454e-01 1.348e-05 8.638e-06 4.224e-05 -1.000 1.000e-04 -2.216 0.092 -1.446 -2.139 -2.432 -2.563 -2.638
0.0001 -2.19174 10.07918 0.8003494740 3.0720219612    0.743  2.836  3.6747  1.124    7  0.000  0.419     0.00     0.00 -1    -1e-30      0.00 7.542e-01 2.457e-01 1.327e-05 8.909e-06 4.219e-05 -1.000 1.000e-04 -2.320 0.060 -1.525 -2.237 -2.536 -2.671 -2.748
0.0001 -2.19174 10.07918 0.8003537059 3.0720238686    0.743  2.877  3.6724  1.073    7  0.000  0.414     0.00     0.00 -1    -1e-30      0.00 7.539e-01 2.460e-01 1.309e-05 9.154e-06 4.211e-05 -1.000 9.993e-05 -2.422 0.032 -1.602 -2.333 -2.639 -2.778 -2.857
0.0001 -2.19174 10.07918 0.8003572226 3.0720252991    0.743  2.918  3.6700  1.023    7  0.000  0.411     0.00     0.00 -1    -1e-30      0.00 7.537e-01 2.462e-01 1.293e-05 9.400e-06 4.199e-05 -1.000 9.999e-05 -2.525 0.006 -1.678 -2.429 -2.742 -2.884 -2.966
0.0001 -2.19174 10.07918 0.8003604412 3.0720267296    0.743  2.958  3.6677  0.974    7  0.000  0.408     0.00     0.00 -1    -1e-30      0.00 7.534e-01 2.465e-01 1.280e-05 9.648e-06 4.184e-05 -1.000 9.075e-05 -2.624 -0.014 -1.750 -2.522 -2.842 -2.988 -3.071
0.0001 -2.19174 10.07918 0.8003637791 3.0720281601    0.743  2.998  3.6654  0.924    7  0.000  0.406     0.00     0.00 -1    -1e-30      0.00 7.532e-01 2.467e-01 1.270e-05 9.883e-06 4.169e-05 -1.000 9.988e-05 -2.725 -0.019 -1.818 -2.614 -2.943 -3.092 -3.178
0.0001 -2.19174 10.07918 0.8003667593 3.0720293522    0.743  3.043  3.6628  0.869    7  0.000  0.405     0.00     0.00 -1    -1e-30      0.00 7.529e-01 2.470e-01 1.262e-05 1.012e-05 4.153e-05 -1.000 1.000e-04 -2.837 -0.022 -1.892 -2.716 -3.054 -3.208 -3.297
0.0001 -2.19174 10.07918 0.8003681302 3.0720300674    0.743  3.069  3.6612  0.837    7  0.000  0.404     0.00     0.00 -1    -1e-30      0.00 7.527e-01 2.472e-01 1.255e-05 1.034e-05 4.137e-05 -1.000 9.990e-05 -2.902 -0.021 -1.933 -2.774 -3.119 -3.275 -3.365
0.0001 -2.19174 10.07918 0.8003685474 3.0720300674    0.743  3.046  3.6626  0.866    7  0.000  0.404     0.00     0.00 -1    -1e-30      0.00 7.526e-01 2.473e-01 1.251e-05 1.047e-05 4.127e-05 -1.000 9.993e-05 -2.845 -0.024 -1.897 -2.723 -3.062 -3.216 -3.305
0.0001 -2.19174 10.07918 0.8003686666 3.0720303059    0.743  3.042  3.6628  0.870    7  0.000  0.404     0.00     0.00 -1    -1e-30      0.00 7.526e-01 2.473e-01 1.251e-05 1.047e-05 4.127e-05 -1.000 9.996e-05 -2.836 -0.024 -1.891 -2.715 -3.053 -3.207 -3.295
0.0001 -2.19174 10.07918 0.8003687263 3.0720303059    0.743  3.042  3.6628  0.871    7  0.000  0.404     0.00     0.00 -1    -1e-30      0.00 7.526e-01 2.473e-01 1.251e-05 1.048e-05 4.127e-05 -1.000 9.993e-05 -2.834 -0.023 -1.890 -2.713 -3.052 -3.205 -3.294
0.0001 -2.19174 10.07918 0.8003688455 3.0720303059    0.743  3.058  3.6619  0.850    7  0.000  0.404     0.00     0.00 -1    -1e-30      0.00 7.526e-01 2.473e-01 1.251e-05 1.048e-05 4.126e-05 -1.000 9.997e-05 -2.875 -0.022 -1.916 -2.750 -3.092 -3.247 -3.337
0.0001 -2.19174 10.07918 0.8003689051 3.0720303059    0.743  3.070  3.6611  0.835    7  0.000  0.404     0.00     0.00 -1    -1e-30      0.00 7.526e-01 2.473e-01 1.251e-05 1.048e-05 4.126e-05 -1.000 1.000e-04 -2.905 -0.021 -1.936 -2.777 -3.122 -3.278 -3.369
0.0001 -2.19174 10.07918 0.8003690839 3.0720303059    0.743  3.094  3.6596  0.806    7  0.000  0.404     0.00     0.00 -1    -1e-30      0.00 7.526e-01 2.473e-01 1.250e-05 1.050e-05 4.125e-05 -1.000 9.999e-05 -2.965 -0.017 -1.973 -2.831 -3.181 -3.340 -3.433
0.0001 -2.19174 10.07918 0.8003692627 3.0720305443    0.743  3.134  3.6571  0.755    7  0.000  0.403     0.00     0.00 -1    -1e-30      0.00 7.522e-01 2.477e-01 1.239e-05 1.090e-05 4.096e-05 -1.000 1.000e-04 -3.065 -0.007 -2.034 -2.921 -3.281 -3.445 -3.539
0.0001 -2.19174 10.07918 0.8003696203 3.0720305443    0.743  3.187  3.6536  0.688    7  0.000  0.403     0.00     0.00 -1    -1e-30      0.00 7.517e-01 2.482e-01 1.228e-05 1.134e-05 4.062e-05 -1.000 1.001e-04 -3.199 0.016 -2.111 -3.039 -3.413 -3.583 -3.681
0.0001 -2.19174 10.07918 0.8003701568 3.0720307827    0.743  3.238  3.6503  0.624    7  0.549  0.403     0.00     0.00 -1    -1e-30      0.00 7.513e-01 2.486e-01 1.217e-05 1.176e-05 4.029e-05 -1.000 1.001e-04 -3.325 0.055 -2.177 -3.145 -3.534 -3.710 -3.813
0.0001 -2.19174 10.07918 0.8003704548 3.0720310211    0.743  3.414  3.6091  0.283    8  0.549  0.390    92.82    44.32  1  -1.3e-06      0.00 7.290e-01 2.706e-01 6.375e-05 5.931e-05 2.177e-04 -1.000 3.690e-04 -3.766 1.460 -1.816 -3.261 -3.836 -4.099 -4.255
0.0001 -2.19174 10.07918 0.8003705144 3.0720310211    0.743  3.292  3.6163  0.434    8  0.549  0.390    67.00    33.43  1 -7.42e-07      0.00 7.290e-01 2.706e-01 6.375e-05 5.931e-05 2.177e-04 -1.000 3.690e-04 -3.459 1.355 -1.714 -3.040 -3.564 -3.805 -3.949
0.0001 -2.19174 10.07918 0.8003705740 3.0720310211    0.742  3.147  3.6295  0.632    8  0.549  0.390    43.78    23.13  1 -3.76e-07      0.00 7.290e-01 2.706e-01 6.375e-05 5.931e-05 2.177e-04 -1.000 3.690e-04 -3.097 1.056 -1.640 -2.794 -3.251 -3.462 -3.587
0.0001 -2.19174 10.07918 0.8003706932 3.0720310211    0.741  2.925  3.6497  0.933    8  0.549  0.390    22.82    13.16  1 -1.27e-07      0.00 7.290e-01 2.706e-01 6.375e-05 5.931e-05 2.177e-04 -1.000 3.690e-04 -2.543 0.657 -1.450 -2.368 -2.741 -2.913 -3.015
0.0001 -2.19174 10.07918 0.8003709316 3.0720312595    0.740  2.930  3.6492  0.926    8  0.549  0.390    23.21    13.34  1 -1.31e-07      0.00 7.290e-01 2.706e-01 6.375e-05 5.931e-05 2.177e-04 -1.000 3.690e-04 -2.555 0.666 -1.455 -2.378 -2.753 -2.926 -3.028
0.0001 -2.19174 10.07918 0.8003711700 3.0720312595    0.738  2.999  3.6429  0.831    8  0.550  0.390    28.48    15.90  1 -1.86e-07      0.00 7.290e-01 2.706e-01 6.375e-05 5.931e-05 2.177e-04 -1.000 3.690e-04 -2.727 0.779 -1.521 -2.515 -2.913 -3.098 -3.207
0.0001 -2.19174 10.07918 0.8003714681 3.0720314980    0.736  3.154  3.6287  0.618    8  0.550  0.390    45.15    23.64  1 -3.99e-07      0.00 7.290e-01 2.706e-01 6.375e-05 5.931e-05 2.177e-04 -1.000 3.690e-04 -3.115 1.080 -1.641 -2.806 -3.267 -3.479 -3.605
0.0001 -2.19174 10.07918 0.8003717661 3.0720314980    0.734  3.296  3.6157  0.423    8  0.550  0.390    68.81    33.96  1 -7.85e-07      0.00 7.290e-01 2.706e-01 6.375e-05 5.931e-05 2.177e-04 -1.000 3.690e-04 -3.470 1.378 -1.708 -3.044 -3.572 -3.815 -3.959
0.0001 -2.19174 10.07918 0.8003721833 3.0720317364    0.731  3.391  3.6070  0.291    8  0.551  0.390    91.48    43.33  1 -1.23e-06      0.00 7.290e-01 2.706e-01 6.375e-05 5.931e-05 2.177e-04 -1.000 3.690e-04 -3.708 1.578 -1.725 -3.184 -3.766 -4.033 -4.192
0.0001 -2.19174 10.07918 0.8003726602 3.0720319748    0.728  3.444  3.6021  0.217    8  0.551  0.390   107.35    49.62  1 -1.58e-06      0.00 7.290e-01 2.706e-01 6.375e-05 5.931e-05 2.177e-04 -1.000 3.690e-04 -3.839 1.686 -1.730 -3.257 -3.870 -4.152 -4.319
0.0001 -2.19174 10.07918 0.8003731370 3.0720322132    0.725  3.470  3.5996  0.178    8  0.552  0.390   116.81    53.21  1 -1.81e-06      0.00 7.290e-01 2.706e-01 6.375e-05 5.931e-05 2.177e-04 -1.000 3.690e-04 -3.906 1.746 -1.730 -3.292 -3.923 -4.212 -4.383
0.0001 -2.19174 10.07918 0.8003736734 3.0720324516    0.721  3.487  3.5980  0.153    8  0.552  0.390   123.33    55.57  0 -1.98e-06      0.00 7.290e-01 2.706e-01 6.375e-05 5.931e-05 2.177e-04 -1.000 3.690e-04 -3.946 1.785 -1.728 -3.313 -3.955 -4.248 -4.422
0.0001 -2.19174 10.07918 0.8003757596 3.0720334053    0.554 -9.999  4.0000  1.705    9  0.554  0.000     0.00     0.00 -1    -1e-30      0.00 7.290e-01 2.706e-01 6.375e-05 5.931e-05 2.177e-04 -1.000 3.690e-04 29.767 30.442 29.976 30.218 30.443 30.542 30.624
#isochrone terminated
