# File generated by CMD 3.6 (http://stev.oapd.inaf.it/cmd) on Fri Jan 28 21:10:05 CET 2022
# isochrones based on PARSEC release v1.2S +  COLIBRI S_35
# Basic references: Bressan et al. (2012), MNRAS, 427, 127 + Chen et al. (2014, 2015), MNRAS, 444, 2525 + MNRAS, 452, 1068 + Tang et al. (2014), MNRAS, 445, 4287 + Marigo et al. (2017), ApJ, 835, 77 + Pastorelli al. (2019), MNRAS, 485, 5666
# Thermal pulse cycles included 
# On RGB, assumed Reimers mass loss with efficiency eta=0.2
# Photometric system: LSST ugrizy, July 2019 total filter throughputs for DP0 (all ABmags)
# O-rich circumstellar dpmod60alox40 dust from Groenewegen (2006)
# C-rich circumstellar AMCSIC15 dust from Groenewegen (2006)
# IMF: Chabrier (2001) lognormal 
# Kind of output: isochrone tables
# Zini     MH   logAge Mini        int_IMF         Mass   logL    logTe  logg  label   McoreTP C_O  period0  period1  pmode  Mloss  tau1m   X   Y   Xc  Xn  Xo  Cexcess  Z 	 mbolmag  umag    gmag    rmag    imag    zmag    ymag
0.0001 -2.19174 10.00000 0.1000000015 1.5704020262    0.100 -2.782  3.5584  5.406    1  0.000  0.545     0.00     0.00 -1  -1.3e-16      0.00 7.463e-01 2.536e-01 1.798e-05 4.851e-06 4.400e-05 -1.000 1.000e-04 11.726 16.997 13.742 12.309 11.645 11.351 11.177
0.0001 -2.19174 10.00000 0.1098214313 1.6617937088    0.109 -2.634  3.5738  5.357    1  0.000  0.545     0.00     0.00 -1 -1.85e-16      0.00 7.448e-01 2.551e-01 1.798e-05 4.851e-06 4.400e-05 -1.000 1.000e-04 11.354 16.133 13.176 11.829 11.243 10.974 10.812
0.0001 -2.19174 10.00000 0.1294642836 1.8211320639    0.129 -2.393  3.5963  5.278    1  0.000  0.545     0.00     0.00 -1 -3.25e-16      0.00 7.422e-01 2.577e-01 1.798e-05 4.851e-06 4.400e-05 -1.000 1.000e-04 10.752 14.446 12.178 11.052 10.571 10.339 10.198
0.0001 -2.19174 10.00000 0.1491071582 1.9553365707    0.149 -2.231  3.6076  5.224    1  0.000  0.545     0.00     0.00 -1 -4.67e-16      0.00 7.405e-01 2.594e-01 1.798e-05 4.851e-06 4.400e-05 -1.000 9.996e-05 10.348 13.740 11.644 10.603 10.154 9.938 9.809
0.0001 -2.19174 10.00000 0.1687500030 2.0701541901    0.168 -2.106  3.6150  5.181    1  0.000  0.545     0.00     0.00 -1 -6.17e-16      0.00 7.397e-01 2.602e-01 1.798e-05 4.851e-06 4.400e-05 -1.000 9.999e-05 10.034 13.277 11.259 10.265 9.835 9.628 9.506
0.0001 -2.19174 10.00000 0.2080357224 2.2558510303    0.207 -1.902  3.6260  5.112    1  0.000  0.545     0.00     0.00 -1 -9.62e-16      0.00 7.392e-01 2.607e-01 1.798e-05 4.851e-06 4.400e-05 -1.000 1.000e-04 9.524 12.547 10.644 9.719 9.315 9.124 9.011
0.0001 -2.19174 10.00000 0.2571428716 2.4304642677    0.257 -1.712  3.6360  5.055    1  0.000  0.545     0.00     0.00 -1 -1.43e-15      0.00 7.393e-01 2.606e-01 1.798e-05 4.852e-06 4.400e-05 -1.000 1.001e-04 9.049 11.888 10.084 9.210 8.831 8.653 8.549
0.0001 -2.19174 10.00000 0.3062500358 2.5624904633    0.306 -1.565  3.6444  5.018    1  0.000  0.545     0.00     0.00 -1 -1.92e-15      0.00 7.394e-01 2.605e-01 1.797e-05 4.852e-06 4.400e-05 -1.000 1.000e-04 8.682 11.370 9.646 8.815 8.456 8.289 8.194
0.0001 -2.19174 10.00000 0.3553571403 2.6656370163    0.355 -1.442  3.6522  4.991    1  0.000  0.544     0.00     0.00 -1 -2.44e-15      0.00 7.404e-01 2.595e-01 1.796e-05 4.853e-06 4.400e-05 -1.000 1.000e-04 8.375 10.923 9.274 8.483 8.141 7.985 7.897
0.0001 -2.19174 10.00000 0.4044643044 2.7481539249    0.404 -1.324  3.6604  4.962    1  0.000  0.545     0.00     0.00 -1  -3.1e-15      0.00 7.502e-01 2.497e-01 1.798e-05 4.851e-06 4.400e-05 -1.000 9.993e-05 8.079 10.481 8.918 8.166 7.843 7.697 7.616
0.0001 -2.19174 10.00000 0.4535714388 2.8154466152    0.453 -1.180  3.6734  4.920    1  0.000  0.545     0.00     0.00 -1 -4.27e-15      0.00 7.507e-01 2.492e-01 1.798e-05 4.851e-06 4.400e-05 -1.000 9.996e-05 7.721 9.901 8.471 7.778 7.483 7.354 7.283
0.0001 -2.19174 10.00000 0.5026785731 2.8712792397    0.503 -1.021  3.6875  4.863    1  0.000  0.545     0.00     0.00 -1 -6.25e-15      0.00 7.523e-01 2.476e-01 1.788e-05 4.824e-06 4.375e-05 -1.000 9.996e-05 7.323 9.270 7.984 7.354 7.089 6.976 6.917
0.0001 -2.19174 10.00000 0.5517857671 2.9182069302    0.551 -0.830  3.7060  4.786    1  0.000  0.544     0.00     0.00 -1 -1.01e-14      0.00 7.793e-01 2.206e-01 1.605e-05 4.332e-06 3.930e-05 -1.000 9.999e-05 6.846 8.522 7.409 6.857 6.628 6.535 6.490
0.0001 -2.19174 10.00000 0.5857202411 2.9464068413    0.585 -0.694  3.7222  4.740    1  0.000  0.544     0.00     0.00 -1 -1.41e-14      0.00 7.868e-01 2.131e-01 1.556e-05 4.202e-06 3.813e-05 -1.000 9.999e-05 6.505 7.973 6.995 6.507 6.309 6.233 6.199
0.0001 -2.19174 10.00000 0.6008928418 2.9580702782    0.600 -0.635  3.7292  4.721    1  0.000  0.544     0.00     0.00 -1 -1.63e-14      0.00 7.901e-01 2.098e-01 1.535e-05 4.145e-06 3.762e-05 -1.000 1.000e-04 6.359 7.749 6.821 6.359 6.174 6.105 6.076
0.0001 -2.19174 10.00000 0.6122335196 2.9664423466    0.612 -0.588  3.7354  4.707    1  0.000  0.544     0.00     0.00 -1 -1.84e-14      0.00 7.933e-01 2.066e-01 1.514e-05 4.090e-06 3.713e-05 -1.000 9.997e-05 6.240 7.564 6.680 6.242 6.067 6.004 5.980
0.0001 -2.19174 10.00000 0.6268575788 2.9768288136    0.627 -0.527  3.7435  4.688    1  0.000  0.544     0.00     0.00 -1 -2.13e-14      0.00 7.976e-01 2.023e-01 1.486e-05 4.015e-06 3.645e-05 -1.000 1.000e-04 6.088 7.337 6.501 6.092 5.930 5.875 5.856
0.0001 -2.19174 10.00000 0.6399217844 2.9857347012    0.640 -0.472  3.7507  4.671    1  0.000  0.543     0.00     0.00 -1 -2.44e-14      0.00 8.018e-01 1.982e-01 1.460e-05 3.944e-06 3.582e-05 -1.000 8.047e-05 5.950 7.138 6.342 5.958 5.808 5.760 5.746
0.0001 -2.19174 10.00000 0.6499999762 2.9923686981    0.650 -0.430  3.7563  4.657    1  0.000  0.543     0.00     0.00 -1 -2.71e-14      0.00 8.051e-01 1.948e-01 1.438e-05 3.886e-06 3.530e-05 -1.000 4.314e-05 5.844 6.990 6.220 5.854 5.714 5.671 5.660
0.0001 -2.19174 10.00000 0.6578151584 2.9973773956    0.658 -0.396  3.7604  4.646    1  0.000  0.543     0.00     0.00 -1 -2.95e-14      0.00 8.084e-01 1.915e-01 1.417e-05 3.830e-06 3.479e-05 -1.000 1.000e-04 5.760 6.878 6.126 5.773 5.640 5.601 5.592
0.0001 -2.19174 10.00000 0.6703730226 3.0051882267    0.670 -0.342  3.7670  4.626    1  0.000  0.543     0.00     0.00 -1 -3.39e-14      0.00 8.140e-01 1.859e-01 1.380e-05 3.734e-06 3.393e-05 -1.000 1.000e-04 5.625 6.698 5.973 5.642 5.519 5.486 5.481
0.0001 -2.19174 10.00000 0.6827354431 3.0126051903    0.683 -0.288  3.7734  4.606    1  0.000  0.542     0.00     0.00 -1 -3.89e-14      0.00 8.200e-01 1.799e-01 1.342e-05 3.631e-06 3.301e-05 -1.000 9.999e-05 5.490 6.527 5.823 5.511 5.398 5.371 5.370
0.0001 -2.19174 10.00000 0.6937190890 3.0189800262    0.694 -0.239  3.7789  4.586    1  0.000  0.542     0.00     0.00 -1 -4.42e-14      0.00 8.257e-01 1.742e-01 1.305e-05 3.534e-06 3.213e-05 -1.000 1.000e-04 5.368 6.375 5.688 5.393 5.289 5.267 5.269
0.0001 -2.19174 10.00000 0.6999999881 3.0225379467    0.700 -0.211  3.7820  4.574    1  0.000  0.541     0.00     0.00 -1 -4.75e-14      0.00 8.291e-01 1.708e-01 1.283e-05 3.475e-06 3.160e-05 -1.000 1.000e-04 5.298 6.290 5.611 5.325 5.226 5.207 5.210
0.0001 -2.19174 10.00000 0.7001399398 3.0226166248    0.700 -0.210  3.7821  4.574    1  0.000  0.541     0.00     0.00 -1 -4.76e-14      0.00 8.292e-01 1.707e-01 1.282e-05 3.474e-06 3.159e-05 -1.000 9.994e-05 5.296 6.289 5.609 5.324 5.224 5.205 5.209
0.0001 -2.19174 10.00000 0.7127579451 3.0295782089    0.712 -0.152  3.7880  4.547    1  0.000  0.539     0.00     0.00 -1 -5.57e-14      0.00 8.363e-01 1.637e-01 1.237e-05 3.363e-06 3.062e-05 -1.000 7.498e-05 5.151 6.120 5.451 5.182 5.092 5.079 5.086
0.0001 -2.19174 10.00000 0.7249027491 3.0360565186    0.725 -0.094  3.7935  4.518    1  0.000  0.536     0.00     0.00 -1 -6.52e-14      0.00 8.426e-01 1.573e-01 1.198e-05 3.269e-06 2.979e-05 -1.000 4.938e-05 5.006 5.954 5.293 5.041 4.959 4.951 4.961
0.0001 -2.19174 10.00000 0.7357030511 3.0416436195    0.735 -0.040  3.7983  4.490    1  0.000  0.534     0.00     0.00 -1 -7.56e-14      0.00 8.477e-01 1.522e-01 1.168e-05 3.197e-06 2.916e-05 -1.000 6.302e-05 4.871 5.806 5.148 4.909 4.835 4.832 4.844
0.0001 -2.19174 10.00000 0.7458790541 3.0467638969    0.745  0.013  3.8028  4.461    1  0.000  0.532     0.00     0.00 -1 -8.77e-14      0.00 8.520e-01 1.480e-01 1.144e-05 3.142e-06 2.869e-05 -1.000 1.642e-05 4.739 5.661 5.005 4.778 4.712 4.713 4.728
0.0001 -2.19174 10.00000 0.7500000000 3.0487992764    0.750  0.035  3.8045  4.448    1  0.000  0.531     0.00     0.00 -1 -9.34e-14      0.00 8.536e-01 1.464e-01 1.136e-05 3.124e-06 2.853e-05 -1.000 1.490e-08 4.683 5.601 4.945 4.723 4.659 4.662 4.678
0.0001 -2.19174 10.00000 0.7573733330 3.0523872375    0.757  0.075  3.8079  4.425    1  0.000  0.530     0.00     0.00 -1 -1.05e-13      0.00 8.540e-01 1.460e-01 1.139e-05 3.134e-06 2.864e-05 -1.000 1.512e-05 4.581 5.491 4.835 4.623 4.565 4.571 4.589
0.0001 -2.19174 10.00000 0.7659595013 3.0564808846    0.765  0.125  3.8119  4.396    1  0.000  0.530     0.00     0.00 -1 -1.21e-13      0.00 8.544e-01 1.456e-01 1.144e-05 3.147e-06 2.876e-05 -1.000 3.265e-05 4.456 5.359 4.700 4.500 4.448 4.458 4.477
0.0001 -2.19174 10.00000 0.7741831541 3.0603191853    0.773  0.177  3.8157  4.365    1  0.000  0.529     0.00     0.00 -1  -1.4e-13      0.00 8.546e-01 1.453e-01 1.147e-05 3.160e-06 2.889e-05 -1.000 9.999e-05 4.328 5.224 4.562 4.372 4.327 4.341 4.362
0.0001 -2.19174 10.00000 0.7818734646 3.0638377666    0.781  0.228  3.8193  4.332    1  0.000  0.529     0.00     0.00 -1 -1.63e-13      0.00 8.548e-01 1.451e-01 1.152e-05 3.174e-06 2.903e-05 -1.000 9.996e-05 4.200 5.089 4.423 4.244 4.205 4.223 4.245
0.0001 -2.19174 10.00000 0.7911351323 3.0679872036    0.790  0.296  3.8234  4.286    1  0.000  0.529     0.00     0.00 -1 -1.99e-13      0.00 8.548e-01 1.451e-01 1.158e-05 3.193e-06 2.922e-05 -1.000 9.999e-05 4.031 4.914 4.242 4.076 4.043 4.066 4.089
0.0001 -2.19174 10.00000 0.7996870279 3.0717349052    0.799  0.365  3.8270  4.235    1  0.000  0.529     0.00     0.00 -1 -2.46e-13      0.00 8.548e-01 1.452e-01 1.165e-05 3.211e-06 2.938e-05 -1.000 1.787e-05 3.857 4.736 4.056 3.901 3.875 3.902 3.927
0.0001 -2.19174 10.00000 0.8000000119 3.0718705654    0.799  0.368  3.8271  4.233    1  0.000  0.529     0.00     0.00 -1 -2.48e-13      0.00 8.548e-01 1.452e-01 1.165e-05 3.212e-06 2.939e-05 -1.000 1.442e-05 3.850 4.730 4.050 3.895 3.869 3.896 3.920
0.0001 -2.19174 10.00000 0.8012468815 3.0724098682    0.800  0.378  3.8276  4.226    1  0.000  0.529     0.00     0.00 -1 -2.56e-13      0.00 8.547e-01 1.453e-01 1.165e-05 3.213e-06 2.940e-05 -1.000 1.907e-06 3.825 4.704 4.022 3.869 3.845 3.872 3.897
0.0001 -2.19174 10.00000 0.8072426915 3.0749788284    0.806  0.431  3.8299  4.185    1  0.000  0.528     0.00     0.00 -1 -3.03e-13      0.00 8.542e-01 1.457e-01 1.168e-05 3.221e-06 2.948e-05 -1.000 1.000e-04 3.693 4.570 3.882 3.736 3.716 3.746 3.772
0.0001 -2.19174 10.00000 0.8138886094 3.0777809620    0.813  0.494  3.8316  4.132    1  0.000  0.529     0.00     0.00 -1  -3.7e-13      0.00 8.523e-01 1.476e-01 1.181e-05 3.254e-06 2.978e-05 -1.000 1.000e-04 3.535 4.412 3.717 3.577 3.561 3.593 3.618
0.0001 -2.19174 10.00000 0.8152154088 3.0783348083    0.814  0.508  3.8316  4.119    1  0.000  0.529     0.00     0.00 -1 -3.89e-13      0.00 8.519e-01 1.480e-01 1.183e-05 3.261e-06 2.984e-05 -1.000 9.999e-05 3.501 4.378 3.681 3.542 3.526 3.558 3.584
0.0001 -2.19174 10.00000 0.8159552813 3.0786428452    0.815  0.516  3.8316  4.111    1  0.000  0.529     0.00     0.00 -1 -4.01e-13      0.00 8.516e-01 1.483e-01 1.185e-05 3.265e-06 2.988e-05 -1.000 9.994e-05 3.480 4.358 3.660 3.521 3.506 3.537 3.563
0.0001 -2.19174 10.00000 0.8201174140 3.0803651810    0.819  0.565  3.8304  4.060    1  0.000  0.529     0.00     0.00 -1 -4.72e-13      0.00 8.504e-01 1.495e-01 1.193e-05 3.286e-06 3.007e-05 -1.000 1.000e-04 3.358 4.239 3.537 3.397 3.380 3.411 3.436
0.0001 -2.19174 10.00000 0.8240900040 3.0819923878    0.822  0.619  3.8266  3.993    1  0.000  0.529     0.00     0.00 -1 -5.75e-13      0.00 8.492e-01 1.507e-01 1.200e-05 3.306e-06 3.025e-05 -1.000 1.000e-04 3.222 4.112 3.407 3.258 3.235 3.263 3.286
0.0001 -2.19174 10.00000 0.8247934580 3.0822787285    0.823  0.630  3.8256  3.979    1  0.000  0.529     0.00     0.00 -1 -6.02e-13      0.00 8.490e-01 1.509e-01 1.201e-05 3.310e-06 3.028e-05 -1.000 9.999e-05 3.196 4.088 3.382 3.231 3.207 3.233 3.256
0.0001 -2.19174 10.00000 0.8254300952 3.0825376511    0.824  0.640  3.8242  3.962    1  0.000  0.529     0.00     0.00 -1 -6.28e-13      0.00 8.488e-01 1.511e-01 1.203e-05 3.313e-06 3.031e-05 -1.000 1.000e-04 3.169 4.064 3.358 3.203 3.177 3.202 3.224
0.0001 -2.19174 10.00000 0.8275688291 3.0834040642    0.826  0.679  3.8179  3.900    2  0.000  0.529     0.00     0.00 -1 -7.34e-13      0.00 8.482e-01 1.517e-01 1.207e-05 3.324e-06 3.041e-05 -1.000 1.000e-04 3.073 3.982 3.274 3.104 3.067 3.086 3.105
0.0001 -2.19174 10.00000 0.8291981816 3.0840611458    0.827  0.712  3.8102  3.836    2  0.000  0.529     0.00     0.00 -1 -8.53e-13      0.00 8.477e-01 1.522e-01 1.210e-05 3.332e-06 3.048e-05 -1.000 9.997e-05 2.989 3.916 3.206 3.016 2.967 2.978 2.994
0.0001 -2.19174 10.00000 0.8304694295 3.0845718384    0.829  0.743  3.8011  3.770    2  0.000  0.529     0.00     0.00 -1 -9.86e-13      0.00 8.473e-01 1.526e-01 1.212e-05 3.339e-06 3.054e-05 -1.000 9.993e-05 2.913 3.865 3.150 2.936 2.874 2.875 2.887
0.0001 -2.19174 10.00000 0.8314917684 3.0849814415    0.830  0.771  3.7910  3.702    2  0.000  0.529     0.00     0.00 -1 -1.14e-12      0.00 8.470e-01 1.529e-01 1.214e-05 3.345e-06 3.060e-05 -1.000 8.632e-05 2.842 3.826 3.104 2.863 2.785 2.776 2.783
0.0001 -2.19174 10.00000 0.8323430419 3.0853219032    0.830  0.797  3.7806  3.635    2  0.000  0.529     0.00     0.00 -1 -1.31e-12      0.00 8.429e-01 1.571e-01 1.238e-05 3.410e-06 3.118e-05 -1.000 6.822e-05 2.777 3.798 3.065 2.795 2.701 2.682 2.683
0.0001 -2.19174 10.00000 0.8330845237 3.0856177807    0.831  0.822  3.7708  3.571    2  0.000  0.531     0.00     0.00 -1 -1.49e-12      0.00 8.236e-01 1.763e-01 1.348e-05 3.704e-06 3.381e-05 -1.000 4.196e-05 2.714 3.781 3.029 2.731 2.621 2.593 2.587
0.0001 -2.19174 10.00000 0.8337684870 3.0858900547    0.832  0.849  3.7620  3.509    2  0.000  0.534     0.00     0.00 -1  -1.7e-12      0.00 7.996e-01 2.004e-01 1.486e-05 4.072e-06 3.710e-05 -1.000 6.998e-05 2.648 3.759 2.988 2.664 2.540 2.503 2.492
0.0001 -2.19174 10.00000 0.8344549537 3.0861630440    0.832  0.884  3.7541  3.443    2  0.000  0.536     0.00     0.00 -1 -1.98e-12      0.00 7.817e-01 2.182e-01 1.590e-05 4.350e-06 3.957e-05 -1.000 1.000e-04 2.561 3.718 2.923 2.577 2.440 2.395 2.379
0.0001 -2.19174 10.00000 0.8349917531 3.0863761902    0.833  0.920  3.7491  3.387    2  0.000  0.536     0.00     0.00 -1  -2.3e-12      0.00 7.743e-01 2.256e-01 1.632e-05 4.464e-06 4.059e-05 -1.000 1.000e-04 2.471 3.661 2.849 2.487 2.342 2.292 2.273
0.0001 -2.19174 10.00000 0.8355230093 3.0865867138    0.833  0.963  3.7450  3.328    2  0.000  0.537     0.00     0.00 -1 -2.72e-12      0.00 7.700e-01 2.299e-01 1.658e-05 4.531e-06 4.119e-05 -1.000 1.000e-04 2.362 3.581 2.753 2.378 2.227 2.173 2.151
0.0001 -2.19174 10.00000 0.8356020451 3.0866181850    0.833  0.971  3.7445  3.318    3  0.000  0.536     0.00     0.00 -1 -2.81e-12      0.00 7.696e-01 2.304e-01 1.660e-05 4.538e-06 4.125e-05 -1.000 2.821e-05 2.344 3.566 2.736 2.360 2.208 2.153 2.131
0.0001 -2.19174 10.00000 0.8360363841 3.0867900848    0.834  1.012  3.7421  3.267    3  0.000  0.537     0.00     0.00 -1 -3.26e-12      0.00 7.672e-01 2.327e-01 1.672e-05 4.570e-06 4.154e-05 -1.000 1.000e-04 2.239 3.479 2.638 2.256 2.099 2.042 2.019
0.0001 -2.19174 10.00000 0.8365163803 3.0869798660    0.834  1.062  3.7397  3.208    3  0.000  0.537     0.00     0.00 -1  -3.9e-12      0.00 7.649e-01 2.350e-01 1.682e-05 4.599e-06 4.179e-05 -1.000 7.471e-05 2.115 3.373 2.522 2.132 1.972 1.913 1.887
0.0001 -2.19174 10.00000 0.8369216323 3.0871400833    0.835  1.106  3.7379  3.157    3  0.000  0.537     0.00     0.00 -1 -4.59e-12      0.00 7.633e-01 2.366e-01 1.690e-05 4.618e-06 4.196e-05 -1.000 9.820e-05 2.004 3.275 2.416 2.021 1.858 1.797 1.770
0.0001 -2.19174 10.00000 0.8373119235 3.0872941017    0.835  1.152  3.7363  3.105    3  0.000  0.537     0.00     0.00 -1 -5.41e-12      0.00 7.618e-01 2.381e-01 1.695e-05 4.633e-06 4.211e-05 -1.000 1.000e-04 1.891 3.176 2.309 1.908 1.743 1.680 1.652
0.0001 -2.19174 10.00000 0.8376753330 3.0874373913    0.835  1.196  3.7347  3.054    3  0.000  0.537     0.00     0.00 -1 -6.36e-12      0.00 7.603e-01 2.396e-01 1.699e-05 4.646e-06 4.221e-05 -1.000 1.000e-04 1.779 3.079 2.202 1.797 1.629 1.565 1.535
0.0001 -2.19174 10.00000 0.8380178213 3.0875723362    0.835  1.242  3.7332  3.003    3  0.000  0.537     0.00     0.00 -1 -7.48e-12      0.00 7.590e-01 2.409e-01 1.703e-05 4.656e-06 4.230e-05 -1.000 9.996e-05 1.666 2.979 2.094 1.685 1.514 1.448 1.418
0.0001 -2.19174 10.00000 0.8383605480 3.0877072811    0.836  1.290  3.7317  2.949    3  0.000  0.536     0.00     0.00 -1  -8.9e-12      0.00 7.577e-01 2.422e-01 1.705e-05 4.668e-06 4.238e-05 -1.000 8.242e-05 1.545 2.873 1.977 1.563 1.390 1.323 1.292
0.0001 -2.19174 10.00000 0.8386567831 3.0878236294    0.836  1.335  3.7302  2.897    3  0.000  0.535     0.00     0.00 -1 -1.05e-11      0.00 7.566e-01 2.433e-01 1.705e-05 4.681e-06 4.245e-05 -1.000 9.336e-05 1.431 2.774 1.869 1.450 1.274 1.206 1.173
0.0001 -2.19174 10.00000 0.8389481306 3.0879383087    0.836  1.384  3.7287  2.843    3  0.000  0.535     0.00     0.00 -1 -1.25e-11      0.00 7.556e-01 2.443e-01 1.703e-05 4.698e-06 4.249e-05 -1.000 9.996e-05 1.311 2.669 1.754 1.330 1.151 1.081 1.048
0.0001 -2.19174 10.00000 0.8392127156 3.0880422592    0.836  1.431  3.7272  2.790    3  0.000  0.533     0.00     0.00 -1 -1.48e-11      0.00 7.546e-01 2.453e-01 1.700e-05 4.727e-06 4.253e-05 -1.000 1.000e-04 1.192 2.565 1.640 1.212 1.031 0.959 0.925
0.0001 -2.19174 10.00000 0.8394520283 3.0881361961    0.836  1.478  3.7257  2.737    3  0.000  0.531     0.00     0.00 -1 -1.75e-11      0.00 7.538e-01 2.461e-01 1.695e-05 4.766e-06 4.257e-05 -1.000 9.997e-05 1.076 2.463 1.529 1.096 0.912 0.839 0.803
0.0001 -2.19174 10.00000 0.8396702409 3.0882217884    0.836  1.524  3.7241  2.685    3  0.000  0.529     0.00     0.00 -1 -2.07e-11      0.00 7.531e-01 2.468e-01 1.689e-05 4.816e-06 4.260e-05 -1.000 9.997e-05 0.961 2.363 1.419 0.981 0.794 0.720 0.683
0.0001 -2.19174 10.00000 0.8398764133 3.0883026123    0.836  1.571  3.7226  2.631    3  0.000  0.527     0.00     0.00 -1 -2.45e-11      0.00 7.525e-01 2.474e-01 1.684e-05 4.864e-06 4.262e-05 -1.000 9.996e-05 0.841 2.261 1.306 0.862 0.673 0.597 0.559
0.0001 -2.19174 10.00000 0.8400606513 3.0883748531    0.836  1.618  3.7211  2.579    3  0.000  0.525     0.00     0.00 -1  -2.9e-11      0.00 7.521e-01 2.478e-01 1.679e-05 4.917e-06 4.263e-05 -1.000 1.000e-04 0.726 2.164 1.197 0.747 0.556 0.478 0.439
0.0001 -2.19174 10.00000 0.8402258158 3.0884394646    0.836  1.663  3.7195  2.527    3  0.000  0.523     0.00     0.00 -1 -3.41e-11      0.00 7.517e-01 2.482e-01 1.674e-05 4.964e-06 4.265e-05 -1.000 1.000e-04 0.613 2.070 1.091 0.635 0.441 0.361 0.321
0.0001 -2.19174 10.00000 0.8403806090 3.0885000229    0.836  1.709  3.7180  2.475    3  0.000  0.522     0.00     0.00 -1 -4.03e-11      0.00 7.515e-01 2.484e-01 1.671e-05 4.998e-06 4.266e-05 -1.000 9.999e-05 0.497 1.974 0.982 0.521 0.323 0.242 0.201
0.0001 -2.19174 10.00000 0.8405181170 3.0885539055    0.836  1.754  3.7164  2.424    3  0.000  0.522     0.00     0.00 -1 -4.74e-11      0.00 7.514e-01 2.485e-01 1.669e-05 5.019e-06 4.266e-05 -1.000 9.999e-05 0.385 1.883 0.877 0.409 0.209 0.126 0.084
0.0001 -2.19174 10.00000 0.8406464458 3.0886042118    0.836  1.799  3.7147  2.372    3  0.000  0.521     0.00     0.00 -1 -5.59e-11      0.00 7.513e-01 2.486e-01 1.668e-05 5.028e-06 4.266e-05 -1.000 1.000e-04 0.272 1.791 0.771 0.297 0.093 0.009 -0.035
0.0001 -2.19174 10.00000 0.8407658339 3.0886509418    0.836  1.845  3.7131  2.319    3  0.000  0.521     0.00     0.00 -1  -6.6e-11      0.00 7.513e-01 2.486e-01 1.668e-05 5.029e-06 4.266e-05 -1.000 1.000e-04 0.157 1.698 0.664 0.183 -0.024 -0.110 -0.155
0.0001 -2.19174 10.00000 0.8408753276 3.0886936188    0.835  1.891  3.7115  2.267    3  0.000  0.521     0.00     0.00 -1 -7.79e-11      0.00 7.513e-01 2.486e-01 1.668e-05 5.030e-06 4.266e-05 -1.000 1.001e-04 0.043 1.605 0.558 0.069 -0.140 -0.228 -0.274
0.0001 -2.19174 10.00000 0.8409748673 3.0887324810    0.835  1.936  3.7097  2.215    3  0.000  0.521     0.00     0.00 -1 -9.17e-11      0.00 7.513e-01 2.486e-01 1.668e-05 5.030e-06 4.266e-05 -1.000 1.001e-04 -0.070 1.516 0.454 -0.042 -0.254 -0.344 -0.392
0.0001 -2.19174 10.00000 0.8410680294 3.0887689590    0.835  1.982  3.7080  2.162    3  0.000  0.521     0.00     0.00 -1 -1.08e-10      0.00 7.513e-01 2.486e-01 1.668e-05 5.031e-06 4.266e-05 -1.000 1.000e-04 -0.184 1.428 0.349 -0.154 -0.371 -0.463 -0.511
0.0001 -2.19174 10.00000 0.8411529660 3.0888020992    0.834  2.027  3.7064  2.110    3  0.000  0.521     0.00     0.00 -1 -1.28e-10      0.00 7.513e-01 2.486e-01 1.668e-05 5.032e-06 4.266e-05 -1.000 1.001e-04 -0.298 1.339 0.244 -0.266 -0.486 -0.580 -0.630
0.0001 -2.19174 10.00000 0.8412283063 3.0888316631    0.834  2.071  3.7046  2.059    3  0.000  0.521     0.00     0.00 -1  -1.5e-10      0.00 7.513e-01 2.486e-01 1.668e-05 5.032e-06 4.266e-05 -1.000 1.001e-04 -0.407 1.256 0.144 -0.374 -0.597 -0.693 -0.745
0.0001 -2.19174 10.00000 0.8412977457 3.0888588428    0.834  2.115  3.7030  2.008    3  0.000  0.521     0.00     0.00 -1 -1.76e-10      0.00 7.513e-01 2.486e-01 1.668e-05 5.033e-06 4.266e-05 -1.000 1.000e-04 -0.517 1.172 0.044 -0.482 -0.709 -0.807 -0.860
0.0001 -2.19174 10.00000 0.8413628936 3.0888843536    0.833  2.160  3.7012  1.956    3  0.000  0.521     0.00     0.00 -1 -2.07e-10      0.00 7.513e-01 2.486e-01 1.668e-05 5.033e-06 4.266e-05 -1.000 1.000e-04 -0.629 1.088 -0.058 -0.593 -0.823 -0.923 -0.977
0.0001 -2.19174 10.00000 0.8414213657 3.0889070034    0.833  2.203  3.6994  1.905    3  0.000  0.521     0.00     0.00 -1 -2.43e-10      0.00 7.513e-01 2.486e-01 1.668e-05 5.034e-06 4.266e-05 -1.000 1.000e-04 -0.738 1.010 -0.156 -0.699 -0.933 -1.036 -1.091
0.0001 -2.19174 10.00000 0.8414800167 3.0889298916    0.832  2.249  3.6977  1.852    3  0.000  0.521     0.00     0.00 -1 -2.87e-10      0.00 7.512e-01 2.487e-01 1.667e-05 5.034e-06 4.267e-05 -1.000 1.000e-04 -0.851 0.926 -0.259 -0.811 -1.049 -1.154 -1.211
0.0001 -2.19174 10.00000 0.8415415883 3.0889539719    0.832  2.292  3.6959  1.801    3  0.000  0.521     0.00     0.00 -1 -3.36e-10      0.00 7.512e-01 2.487e-01 1.667e-05 5.035e-06 4.267e-05 -1.000 1.000e-04 -0.960 0.848 -0.357 -0.918 -1.160 -1.266 -1.325
0.0001 -2.19174 10.00000 0.8415737748 3.0889666080    0.831  2.303  3.6955  1.788    3  0.000  0.521     0.00     0.00 -1 -3.53e-10      0.00 7.512e-01 2.487e-01 1.667e-05 5.035e-06 4.267e-05 -1.000 9.999e-05 -0.988 0.829 -0.382 -0.945 -1.188 -1.295 -1.354
0.0001 -2.19174 10.00000 0.8416072130 3.0889797211    0.831  2.293  3.6962  1.801    3  0.000  0.521     0.00     0.00 -1 -3.41e-10      0.00 7.512e-01 2.487e-01 1.667e-05 5.035e-06 4.267e-05 -1.000 1.000e-04 -0.962 0.842 -0.361 -0.920 -1.162 -1.268 -1.326
0.0001 -2.19174 10.00000 0.8416141272 3.0889823437    0.831  2.300  3.6959  1.793    3  0.000  0.521     0.00     0.00 -1 -3.49e-10      0.00 7.512e-01 2.487e-01 1.667e-05 5.035e-06 4.267e-05 -1.000 1.000e-04 -0.979 0.830 -0.376 -0.937 -1.179 -1.286 -1.344
0.0001 -2.19174 10.00000 0.8416521549 3.0889971256    0.830  2.339  3.6942  1.747    3  0.000  0.521     0.00     0.00 -1    -4e-10      0.00 7.512e-01 2.487e-01 1.667e-05 5.035e-06 4.267e-05 -1.000 1.000e-04 -1.078 0.767 -0.463 -1.033 -1.279 -1.388 -1.448
0.0001 -2.19174 10.00000 0.8416905999 3.0890121460    0.829  2.382  3.6925  1.697    3  0.000  0.521     0.00     0.00 -1 -4.66e-10      0.00 7.512e-01 2.487e-01 1.667e-05 5.036e-06 4.267e-05 -1.000 1.000e-04 -1.184 0.698 -0.556 -1.137 -1.386 -1.497 -1.558
0.0001 -2.19174 10.00000 0.8417232037 3.0890250206    0.829  2.420  3.6909  1.652    3  0.000  0.521     0.00     0.00 -1 -5.36e-10      0.00 7.512e-01 2.487e-01 1.667e-05 5.036e-06 4.267e-05 -1.000 1.000e-04 -1.279 0.639 -0.639 -1.229 -1.483 -1.595 -1.658
0.0001 -2.19174 10.00000 0.8417553306 3.0890374184    0.828  2.460  3.6891  1.605    3  0.000  0.521     0.00     0.00 -1 -6.21e-10      0.00 7.512e-01 2.487e-01 1.667e-05 5.036e-06 4.267e-05 -1.000 1.001e-04 -1.379 0.578 -0.725 -1.326 -1.584 -1.699 -1.763
0.0001 -2.19174 10.00000 0.8417853117 3.0890491009    0.827  2.499  3.6874  1.558    3  0.000  0.521     0.00     0.00 -1 -7.19e-10      0.00 7.512e-01 2.487e-01 1.667e-05 5.036e-06 4.267e-05 -1.000 1.000e-04 -1.478 0.516 -0.811 -1.423 -1.685 -1.802 -1.867
0.0001 -2.19174 10.00000 0.8418115377 3.0890593529    0.826  2.537  3.6857  1.514    3  0.000  0.521     0.00     0.00 -1 -8.25e-10      0.00 7.512e-01 2.487e-01 1.667e-05 5.037e-06 4.267e-05 -1.000 1.000e-04 -1.571 0.460 -0.891 -1.513 -1.779 -1.898 -1.965
0.0001 -2.19174 10.00000 0.8418375254 3.0890696049    0.825  2.576  3.6840  1.467    3  0.000  0.521     0.00     0.00 -1 -9.53e-10      0.00 7.512e-01 2.487e-01 1.667e-05 5.037e-06 4.267e-05 -1.000 1.000e-04 -1.670 0.404 -0.975 -1.608 -1.879 -2.000 -2.069
0.0001 -2.19174 10.00000 0.8418605328 3.0890784264    0.825  2.613  3.6823  1.423    3  0.000  0.521     0.00     0.00 -1 -1.09e-09      0.00 7.512e-01 2.487e-01 1.667e-05 5.037e-06 4.267e-05 -1.000 1.001e-04 -1.762 0.351 -1.053 -1.698 -1.973 -2.096 -2.166
0.0001 -2.19174 10.00000 0.8418820500 3.0890870094    0.824  2.650  3.6806  1.378    3  0.000  0.521     0.00     0.00 -1 -1.25e-09      0.00 7.512e-01 2.487e-01 1.667e-05 5.037e-06 4.267e-05 -1.000 1.000e-04 -1.854 0.309 -1.129 -1.786 -2.066 -2.191 -2.263
0.0001 -2.19174 10.00000 0.8419025540 3.0890948772    0.822  2.687  3.6789  1.334    3  0.000  0.521     0.00     0.00 -1 -1.44e-09      0.00 7.512e-01 2.487e-01 1.667e-05 5.037e-06 4.267e-05 -1.000 1.000e-04 -1.948 0.268 -1.204 -1.875 -2.159 -2.288 -2.361
0.0001 -2.19174 10.00000 0.8419246078 3.0891034603    0.821  2.730  3.6771  1.283    3  0.000  0.521     0.00     0.00 -1 -1.68e-09      0.00 7.512e-01 2.487e-01 1.667e-05 5.037e-06 4.267e-05 -1.000 1.000e-04 -2.055 0.219 -1.292 -1.978 -2.268 -2.399 -2.473
0.0001 -2.19174 10.00000 0.8419423103 3.0891103745    0.820  2.767  3.6752  1.237    3  0.000  0.521     0.00     0.00 -1 -1.93e-09      0.00 7.512e-01 2.487e-01 1.667e-05 5.038e-06 4.267e-05 -1.000 1.000e-04 -2.147 0.185 -1.365 -2.065 -2.361 -2.494 -2.571
0.0001 -2.19174 10.00000 0.8419606090 3.0891175270    0.818  2.808  3.6732  1.188    3  0.000  0.521     0.00     0.00 -1 -2.25e-09      0.00 7.512e-01 2.487e-01 1.667e-05 5.038e-06 4.267e-05 -1.000 9.999e-05 -2.250 0.146 -1.446 -2.162 -2.464 -2.600 -2.678
0.0001 -2.19174 10.00000 0.8419757485 3.0891234875    0.817  2.844  3.6715  1.144    3  0.000  0.521     0.00     0.00 -1 -2.57e-09      0.00 7.512e-01 2.487e-01 1.667e-05 5.038e-06 4.267e-05 -1.000 1.000e-04 -2.339 0.114 -1.516 -2.247 -2.554 -2.693 -2.773
0.0001 -2.19174 10.00000 0.8419911265 3.0891294479    0.815  2.882  3.6695  1.097    3  0.000  0.521     0.00     0.00 -1 -2.98e-09      0.00 7.512e-01 2.487e-01 1.667e-05 5.038e-06 4.267e-05 -1.000 9.999e-05 -2.436 0.082 -1.590 -2.339 -2.651 -2.793 -2.875
0.0001 -2.19174 10.00000 0.8420038819 3.0891344547    0.813  2.917  3.6679  1.055    3  0.000  0.521     0.00     0.00 -1 -3.38e-09      0.00 7.512e-01 2.487e-01 1.667e-05 5.038e-06 4.267e-05 -1.000 1.000e-04 -2.522 0.053 -1.656 -2.420 -2.737 -2.882 -2.965
0.0001 -2.19174 10.00000 0.8420172930 3.0891396999    0.811  2.955  3.6660  1.008    3  0.000  0.521     0.00     0.00 -1  -3.9e-09      0.00 7.512e-01 2.487e-01 1.667e-05 5.038e-06 4.267e-05 -1.000 1.000e-04 -2.617 0.031 -1.727 -2.509 -2.833 -2.980 -3.065
0.0001 -2.19174 10.00000 0.8420308232 3.0891449451    0.809  2.996  3.6639  0.958    3  0.000  0.521     0.00     0.00 -1 -4.55e-09      0.00 7.512e-01 2.487e-01 1.667e-05 5.038e-06 4.267e-05 -1.000 9.999e-05 -2.720 0.017 -1.799 -2.603 -2.935 -3.086 -3.174
0.0001 -2.19174 10.00000 0.8420419097 3.0891492367    0.807  3.031  3.6621  0.914    3  0.000  0.521     0.00     0.00 -1  -5.2e-09      0.00 7.512e-01 2.487e-01 1.667e-05 5.038e-06 4.267e-05 -1.000 9.999e-05 -2.809 0.005 -1.861 -2.685 -3.024 -3.178 -3.267
0.0001 -2.19174 10.00000 0.8420513868 3.0891530514    0.805  3.063  3.6603  0.874    3  0.000  0.521     0.00     0.00 -1 -5.87e-09      0.00 7.512e-01 2.487e-01 1.667e-05 5.038e-06 4.267e-05 -1.000 1.000e-04 -2.888 0.001 -1.915 -2.758 -3.103 -3.260 -3.351
0.0001 -2.19174 10.00000 0.8420611024 3.0891566277    0.802  3.098  3.6585  0.830    3  0.000  0.521     0.00     0.00 -1 -6.69e-09      0.00 7.512e-01 2.487e-01 1.667e-05 5.038e-06 4.267e-05 -1.000 1.000e-04 -2.975 -0.003 -1.972 -2.837 -3.189 -3.349 -3.443
0.0001 -2.19174 10.00000 0.8420711160 3.0891606808    0.799  3.135  3.6564  0.783    3  0.000  0.521     0.00     0.00 -1 -7.71e-09      0.00 7.512e-01 2.487e-01 1.667e-05 5.038e-06 4.267e-05 -1.000 1.000e-04 -3.068 -0.004 -2.034 -2.922 -3.283 -3.447 -3.542
0.0001 -2.19174 10.00000 0.8420795202 3.0891640186    0.797  3.168  3.6546  0.741    3  0.000  0.521     0.00     0.00 -1 -8.74e-09      0.00 7.512e-01 2.487e-01 1.667e-05 5.039e-06 4.267e-05 -1.000 1.000e-04 -3.151 -0.001 -2.086 -2.996 -3.365 -3.532 -3.630
0.0001 -2.19174 10.00000 0.8420879841 3.0891671181    0.793  3.203  3.6528  0.698    3  0.000  0.521     0.00     0.00 -1 -9.97e-09      0.00 7.512e-01 2.487e-01 1.667e-05 5.039e-06 4.267e-05 -1.000 1.000e-04 -3.236 0.004 -2.139 -3.072 -3.449 -3.619 -3.719
0.0001 -2.19174 10.00000 0.8420957923 3.0891702175    0.790  3.234  3.6511  0.659    3  0.000  0.521     0.00     0.00 -1 -1.13e-08      0.00 7.512e-01 2.487e-01 1.667e-05 5.039e-06 4.267e-05 -1.000 9.999e-05 -3.314 0.013 -2.185 -3.140 -3.524 -3.698 -3.800
0.0001 -2.19174 10.00000 0.8420979977 3.0891711712    0.789  3.242  3.6507  0.648    3  0.000  0.521     0.00     0.00 -1 -1.17e-08      0.00 7.512e-01 2.487e-01 1.667e-05 5.039e-06 4.267e-05 -1.000 1.000e-04 -3.335 0.017 -2.197 -3.158 -3.544 -3.719 -3.821
0.0001 -2.19174 10.00000 0.8420979977 3.0891711712    0.789  1.703  3.8886  3.138    4  0.000  0.532     0.00     0.00 -1    -1e-30      0.00 7.554e-01 2.445e-01 1.688e-05 4.708e-06 4.230e-05 -1.000 1.000e-04 0.512 1.312 0.462 0.547 0.663 0.740 0.758
0.0001 -2.19174 10.00000 0.8421285748 3.0891830921    0.789  1.726  3.8765  3.067    4  0.000  0.532     0.00     0.00 -1    -1e-30      0.00 7.554e-01 2.445e-01 1.688e-05 4.708e-06 4.230e-05 -1.000 9.999e-05 0.456 1.274 0.424 0.471 0.567 0.636 0.653
0.0001 -2.19174 10.00000 0.8421831727 3.0892043114    0.789  1.731  3.8741  3.053    4  0.000  0.532     0.00     0.00 -1    -1e-30      0.00 7.554e-01 2.445e-01 1.688e-05 4.708e-06 4.230e-05 -1.000 1.000e-04 0.444 1.265 0.416 0.457 0.548 0.615 0.632
0.0001 -2.19174 10.00000 0.8422359228 3.0892248154    0.789  1.731  3.8747  3.055    4  0.000  0.532     0.00     0.00 -1    -1e-30      0.00 7.554e-01 2.445e-01 1.688e-05 4.708e-06 4.230e-05 -1.000 1.000e-04 0.443 1.263 0.414 0.456 0.549 0.616 0.633
0.0001 -2.19174 10.00000 0.8422896266 3.0892457962    0.789  1.731  3.8753  3.057    4  0.000  0.532     0.00     0.00 -1    -1e-30      0.00 7.554e-01 2.445e-01 1.688e-05 4.708e-06 4.230e-05 -1.000 1.000e-04 0.442 1.262 0.412 0.456 0.550 0.617 0.635
0.0001 -2.19174 10.00000 0.8423453569 3.0892674923    0.789  1.731  3.8760  3.060    4  0.000  0.532     0.00     0.00 -1    -1e-30      0.00 7.554e-01 2.445e-01 1.688e-05 4.709e-06 4.230e-05 -1.000 1.002e-04 0.442 1.260 0.410 0.457 0.552 0.619 0.637
0.0001 -2.19174 10.00000 0.8423981071 3.0892879963    0.789  1.732  3.8766  3.062    4  0.000  0.532     0.00     0.00 -1    -1e-30      0.00 7.554e-01 2.445e-01 1.688e-05 4.709e-06 4.230e-05 -1.000 1.000e-04 0.441 1.259 0.409 0.457 0.553 0.621 0.638
0.0001 -2.19174 10.00000 0.8424534798 3.0893096924    0.789  1.732  3.8770  3.064    4  0.000  0.532     0.00     0.00 -1    -1e-30      0.00 7.554e-01 2.445e-01 1.688e-05 4.709e-06 4.230e-05 -1.000 9.999e-05 0.441 1.258 0.407 0.457 0.554 0.622 0.640
0.0001 -2.19174 10.00000 0.8425083756 3.0893311501    0.789  1.732  3.8773  3.065    4  0.000  0.532     0.00     0.00 -1    -1e-30      0.00 7.554e-01 2.445e-01 1.688e-05 4.709e-06 4.230e-05 -1.000 9.997e-05 0.440 1.257 0.406 0.457 0.554 0.623 0.640
0.0001 -2.19174 10.00000 0.8425636292 3.0893526077    0.789  1.732  3.8774  3.065    4  0.000  0.532     0.00     0.00 -1    -1e-30      0.00 7.554e-01 2.445e-01 1.688e-05 4.709e-06 4.230e-05 -1.000 9.994e-05 0.439 1.256 0.405 0.456 0.554 0.622 0.640
0.0001 -2.19174 10.00000 0.8426155448 3.0893728733    0.789  1.733  3.8773  3.064    4  0.000  0.532     0.00     0.00 -1    -1e-30      0.00 7.554e-01 2.445e-01 1.688e-05 4.710e-06 4.230e-05 -1.000 1.001e-04 0.439 1.255 0.404 0.455 0.552 0.621 0.638
0.0001 -2.19174 10.00000 0.8426724076 3.0893950462    0.790  1.733  3.8768  3.061    4  0.000  0.532     0.00     0.00 -1    -1e-30      0.00 7.554e-01 2.445e-01 1.688e-05 4.710e-06 4.230e-05 -1.000 1.000e-04 0.437 1.254 0.404 0.453 0.549 0.618 0.635
0.0001 -2.19174 10.00000 0.8427278996 3.0894165039    0.790  1.734  3.8759  3.057    4  0.000  0.532     0.00     0.00 -1    -1e-30      0.00 7.554e-01 2.445e-01 1.688e-05 4.710e-06 4.230e-05 -1.000 1.000e-04 0.435 1.253 0.403 0.450 0.545 0.612 0.630
0.0001 -2.19174 10.00000 0.8427840471 3.0894384384    0.790  1.735  3.8746  3.051    4  0.000  0.532     0.00     0.00 -1    -1e-30      0.00 7.554e-01 2.445e-01 1.688e-05 4.710e-06 4.230e-05 -1.000 9.997e-05 0.432 1.253 0.403 0.446 0.538 0.605 0.622
0.0001 -2.19174 10.00000 0.8428412676 3.0894606113    0.790  1.736  3.8728  3.042    4  0.000  0.532     0.00     0.00 -1    -1e-30      0.00 7.554e-01 2.445e-01 1.688e-05 4.710e-06 4.230e-05 -1.000 1.000e-04 0.429 1.253 0.404 0.441 0.530 0.595 0.612
0.0001 -2.19174 10.00000 0.8428643346 3.0894696712    0.790  1.737  3.8720  3.039    4  0.000  0.532     0.00     0.00 -1    -1e-30      0.00 7.554e-01 2.445e-01 1.688e-05 4.711e-06 4.230e-05 -1.000 1.000e-04 0.427 1.252 0.404 0.438 0.526 0.591 0.608
0.0001 -2.19174 10.00000 0.8428956270 3.0894818306    0.790  1.738  3.8707  3.032    4  0.000  0.532     0.00     0.00 -1    -1e-30      0.00 7.554e-01 2.445e-01 1.688e-05 4.711e-06 4.230e-05 -1.000 9.996e-05 0.425 1.252 0.404 0.435 0.519 0.583 0.601
0.0001 -2.19174 10.00000 0.8429541588 3.0895047188    0.790  1.740  3.8677  3.018    4  0.000  0.532     0.00     0.00 -1    -1e-30      0.00 7.554e-01 2.445e-01 1.688e-05 4.711e-06 4.230e-05 -1.000 1.000e-04 0.420 1.252 0.406 0.427 0.506 0.567 0.585
0.0001 -2.19174 10.00000 0.8430075645 3.0895254612    0.790  1.742  3.8644  3.003    4  0.000  0.532     0.00     0.00 -1    -1e-30      0.00 7.553e-01 2.446e-01 1.688e-05 4.711e-06 4.230e-05 -1.000 9.999e-05 0.415 1.253 0.407 0.418 0.491 0.550 0.567
0.0001 -2.19174 10.00000 0.8430621624 3.0895466805    0.790  1.745  3.8605  2.985    4  0.000  0.532     0.00     0.00 -1    -1e-30      0.00 7.553e-01 2.446e-01 1.688e-05 4.711e-06 4.230e-05 -1.000 9.999e-05 0.409 1.253 0.410 0.409 0.474 0.531 0.548
0.0001 -2.19174 10.00000 0.8431203365 3.0895693302    0.790  1.747  3.8558  2.963    4  0.000  0.532     0.00     0.00 -1    -1e-30      0.00 7.553e-01 2.446e-01 1.688e-05 4.712e-06 4.230e-05 -1.000 1.000e-04 0.401 1.254 0.414 0.399 0.455 0.507 0.524
0.0001 -2.19174 10.00000 0.8431782126 3.0895917416    0.790  1.751  3.8504  2.938    4  0.000  0.532     0.00     0.00 -1    -1e-30      0.00 7.553e-01 2.446e-01 1.688e-05 4.712e-06 4.231e-05 -1.000 1.000e-04 0.393 1.255 0.419 0.387 0.432 0.480 0.497
0.0001 -2.19174 10.00000 0.8432347178 3.0896136761    0.790  1.755  3.8445  2.911    4  0.000  0.532     0.00     0.00 -1    -1e-30      0.00 7.553e-01 2.446e-01 1.688e-05 4.712e-06 4.231e-05 -1.000 9.993e-05 0.384 1.258 0.425 0.375 0.409 0.452 0.468
0.0001 -2.19174 10.00000 0.8432671428 3.0896263123    0.790  1.757  3.8410  2.895    4  0.000  0.532     0.00     0.00 -1    -1e-30      0.00 7.553e-01 2.446e-01 1.688e-05 4.712e-06 4.231e-05 -1.000 1.000e-04 0.378 1.259 0.429 0.368 0.396 0.436 0.451
0.0001 -2.19174 10.00000 0.8433207870 3.0896472931    0.790  1.761  3.8345  2.865    4  0.000  0.532     0.00     0.00 -1    -1e-30      0.00 7.553e-01 2.446e-01 1.688e-05 4.712e-06 4.231e-05 -1.000 1.000e-04 0.368 1.262 0.436 0.355 0.371 0.405 0.420
0.0001 -2.19174 10.00000 0.8433775902 3.0896692276    0.790  1.765  3.8274  2.832    4  0.000  0.532     0.00     0.00 -1    -1e-30      0.00 7.553e-01 2.446e-01 1.688e-05 4.712e-06 4.231e-05 -1.000 9.999e-05 0.357 1.267 0.444 0.342 0.345 0.372 0.386
0.0001 -2.19174 10.00000 0.8434337378 3.0896911621    0.790  1.770  3.8199  2.797    4  0.000  0.532     0.00     0.00 -1    -1e-30      0.00 7.553e-01 2.446e-01 1.688e-05 4.713e-06 4.231e-05 -1.000 9.996e-05 0.345 1.274 0.454 0.329 0.317 0.338 0.350
0.0001 -2.19174 10.00000 0.8434913158 3.0897135735    0.790  1.775  3.8115  2.759    4  0.000  0.532     0.00     0.00 -1    -1e-30      0.00 7.553e-01 2.446e-01 1.688e-05 4.713e-06 4.231e-05 -1.000 9.993e-05 0.332 1.283 0.466 0.315 0.287 0.301 0.310
0.0001 -2.19174 10.00000 0.8435462713 3.0897347927    0.790  1.781  3.8030  2.719    4  0.000  0.532     0.00     0.00 -1    -1e-30      0.00 7.553e-01 2.446e-01 1.688e-05 4.713e-06 4.231e-05 -1.000 1.000e-04 0.318 1.294 0.477 0.301 0.257 0.263 0.269
0.0001 -2.19174 10.00000 0.8436011672 3.0897562504    0.791  1.787  3.7948  2.680    4  0.000  0.532     0.00     0.00 -1    -1e-30      0.00 7.553e-01 2.446e-01 1.688e-05 4.713e-06 4.231e-05 -1.000 9.997e-05 0.303 1.305 0.488 0.286 0.228 0.225 0.229
0.0001 -2.19174 10.00000 0.8436554670 3.0897772312    0.791  1.793  3.7882  2.648    4  0.000  0.532     0.00     0.00 -1    -1e-30      0.00 7.553e-01 2.446e-01 1.688e-05 4.713e-06 4.231e-05 -1.000 1.000e-04 0.288 1.315 0.495 0.272 0.203 0.193 0.194
0.0001 -2.19174 10.00000 0.8437105417 3.0897986889    0.791  1.799  3.7824  2.619    4  0.000  0.532     0.00     0.00 -1    -1e-30      0.00 7.553e-01 2.446e-01 1.688e-05 4.714e-06 4.231e-05 -1.000 1.000e-04 0.273 1.323 0.498 0.258 0.178 0.163 0.162
0.0001 -2.19174 10.00000 0.8437654376 3.0898199081    0.791  1.805  3.7774  2.593    4  0.000  0.532     0.00     0.00 -1    -1e-30      0.00 7.553e-01 2.446e-01 1.688e-05 4.714e-06 4.231e-05 -1.000 1.000e-04 0.257 1.328 0.499 0.243 0.154 0.134 0.130
0.0001 -2.19174 10.00000 0.8438013196 3.0898339748    0.791  1.808  3.7754  2.582    4  0.000  0.532     0.00     0.00 -1    -1e-30      0.00 7.553e-01 2.446e-01 1.688e-05 4.714e-06 4.231e-05 -1.000 1.000e-04 0.250 1.331 0.499 0.237 0.144 0.122 0.117
0.0001 -2.19174 10.00000 0.8438554406 3.0898549557    0.791  1.816  3.7706  2.554    4  0.000  0.532     0.00     0.00 -1    -1e-30      0.00 7.553e-01 2.446e-01 1.688e-05 4.714e-06 4.231e-05 -1.000 1.000e-04 0.229 1.333 0.494 0.217 0.116 0.089 0.082
0.0001 -2.19174 10.00000 0.8439114690 3.0898766518    0.791  1.832  3.7640  2.513    4  0.000  0.532     0.00     0.00 -1    -1e-30      0.00 7.553e-01 2.446e-01 1.688e-05 4.714e-06 4.231e-05 -1.000 9.999e-05 0.191 1.329 0.479 0.181 0.068 0.035 0.024
0.0001 -2.19174 10.00000 0.8439662457 3.0898978710    0.791  1.857  3.7559  2.455    4  0.000  0.532     0.00     0.00 -1    -1e-30      0.00 7.553e-01 2.446e-01 1.688e-05 4.715e-06 4.231e-05 -1.000 9.997e-05 0.128 1.313 0.445 0.121 -0.006 -0.048 -0.063
0.0001 -2.19174 10.00000 0.8439993858 3.0899107456    0.791  1.886  3.7481  2.394    4  0.000  0.532     0.00     0.00 -1    -1e-30      0.00 7.553e-01 2.446e-01 1.688e-05 4.715e-06 4.231e-05 -1.000 1.000e-04 0.055 1.291 0.401 0.050 -0.091 -0.140 -0.161
0.0001 -2.19174 10.00000 0.8440159559 3.0899171829    0.791  1.918  3.7408  2.334    4  0.000  0.532     0.00     0.00 -1    -1e-30      0.00 7.553e-01 2.446e-01 1.688e-05 4.715e-06 4.231e-05 -1.000 9.999e-05 -0.024 1.264 0.350 -0.026 -0.180 -0.236 -0.262
0.0001 -2.19174 10.00000 0.8440230489 3.0899200439    0.791  1.949  3.7347  2.278    4  0.000  0.532     0.00     0.00 -1    -1e-30      0.00 7.553e-01 2.446e-01 1.688e-05 4.715e-06 4.231e-05 -1.000 1.000e-04 -0.104 1.235 0.296 -0.101 -0.267 -0.329 -0.359
0.0001 -2.19174 10.00000 0.8440262675 3.0899212360    0.791  1.980  3.7298  2.227    4  0.000  0.532     0.00     0.00 -1    -1e-30      0.00 7.553e-01 2.446e-01 1.688e-05 4.715e-06 4.231e-05 -1.000 9.996e-05 -0.181 1.202 0.240 -0.175 -0.350 -0.418 -0.451
0.0001 -2.19174 10.00000 0.8440279365 3.0899219513    0.791  2.008  3.7262  2.185    4  0.000  0.532     0.00     0.00 -1    -1e-30      0.00 7.553e-01 2.446e-01 1.688e-05 4.715e-06 4.231e-05 -1.000 9.997e-05 -0.249 1.168 0.188 -0.241 -0.422 -0.494 -0.530
0.0001 -2.19174 10.00000 0.8440280557 3.0899219513    0.791  2.010  3.7258  2.181    7  0.000  0.532     0.00     0.00 -1    -1e-30      0.00 7.553e-01 2.446e-01 1.688e-05 4.715e-06 4.231e-05 -1.000 9.996e-05 -0.256 1.164 0.183 -0.247 -0.429 -0.501 -0.537
0.0001 -2.19174 10.00000 0.8440288305 3.0899221897    0.791  2.035  3.7234  2.147    7  0.000  0.532     0.00     0.00 -1    -1e-30      0.00 7.553e-01 2.446e-01 1.688e-05 4.715e-06 4.231e-05 -1.000 9.996e-05 -0.317 1.127 0.132 -0.307 -0.493 -0.568 -0.606
0.0001 -2.19174 10.00000 0.8440299034 3.0899226665    0.791  2.077  3.7198  2.090    7  0.000  0.532     0.00     0.00 -1    -1e-30      0.00 7.553e-01 2.446e-01 1.688e-05 4.715e-06 4.231e-05 -1.000 1.000e-04 -0.422 1.065 0.046 -0.409 -0.602 -0.681 -0.721
0.0001 -2.19174 10.00000 0.8440309763 3.0899231434    0.791  2.118  3.7166  2.037    7  0.000  0.532     0.00     0.00 -1    -1e-30      0.00 7.553e-01 2.446e-01 1.688e-05 4.715e-06 4.231e-05 -1.000 9.999e-05 -0.524 1.001 -0.041 -0.508 -0.707 -0.790 -0.832
0.0001 -2.19174 10.00000 0.8440324068 3.0899236202    0.791  2.168  3.7132  1.973    7  0.000  0.532     0.00     0.00 -1    -1e-30      0.00 7.553e-01 2.446e-01 1.688e-05 4.715e-06 4.231e-05 -1.000 1.001e-04 -0.649 0.920 -0.148 -0.630 -0.836 -0.922 -0.967
0.0001 -2.19174 10.00000 0.8440356851 3.0899248123    0.791  2.170  3.7134  1.972    7  0.000  0.532     0.00     0.00 -1    -1e-30      0.00 7.553e-01 2.446e-01 1.688e-05 4.715e-06 4.231e-05 -1.000 9.999e-05 -0.655 0.912 -0.155 -0.636 -0.841 -0.927 -0.972
0.0001 -2.19174 10.00000 0.8440538049 3.0899319649    0.791  2.144  3.7148  2.003    7  0.000  0.532     0.00     0.00 -1    -1e-30      0.00 7.553e-01 2.446e-01 1.688e-05 4.715e-06 4.231e-05 -1.000 9.993e-05 -0.591 0.957 -0.098 -0.573 -0.776 -0.860 -0.904
0.0001 -2.19174 10.00000 0.8440762758 3.0899405479    0.791  2.181  3.7121  1.955    7  0.000  0.532     0.00     0.00 -1    -1e-30      0.00 7.552e-01 2.447e-01 1.688e-05 4.715e-06 4.231e-05 -1.000 1.000e-04 -0.684 0.900 -0.176 -0.664 -0.872 -0.959 -1.005
0.0001 -2.19174 10.00000 0.8440961242 3.0899484158    0.791  2.225  3.7092  1.900    7  0.000  0.532     0.00     0.00 -1    -1e-30      0.00 7.552e-01 2.447e-01 1.688e-05 4.715e-06 4.231e-05 -1.000 9.997e-05 -0.792 0.831 -0.269 -0.769 -0.983 -1.074 -1.122
0.0001 -2.19174 10.00000 0.8441100717 3.0899536610    0.791  2.259  3.7070  1.857    7  0.000  0.532     0.00     0.00 -1    -1e-30      0.00 7.552e-01 2.447e-01 1.688e-05 4.715e-06 4.231e-05 -1.000 1.000e-04 -0.878 0.779 -0.342 -0.852 -1.071 -1.164 -1.214
0.0001 -2.19174 10.00000 0.8441277742 3.0899605751    0.791  2.301  3.7045  1.805    7  0.000  0.532     0.00     0.00 -1    -1e-30      0.00 7.552e-01 2.447e-01 1.688e-05 4.715e-06 4.231e-05 -1.000 9.999e-05 -0.983 0.713 -0.432 -0.954 -1.178 -1.275 -1.326
0.0001 -2.19174 10.00000 0.8441444039 3.0899670124    0.791  2.340  3.7022  1.757    7  0.000  0.532     0.00     0.00 -1    -1e-30      0.00 7.552e-01 2.447e-01 1.688e-05 4.716e-06 4.231e-05 -1.000 1.000e-04 -1.081 0.651 -0.516 -1.050 -1.278 -1.378 -1.431
0.0001 -2.19174 10.00000 0.8441596627 3.0899729729    0.791  2.380  3.7000  1.708    7  0.000  0.532     0.00     0.00 -1    -1e-30      0.00 7.552e-01 2.447e-01 1.688e-05 4.717e-06 4.231e-05 -1.000 1.001e-04 -1.180 0.588 -0.602 -1.146 -1.380 -1.482 -1.537
0.0001 -2.19174 10.00000 0.8441734910 3.0899784565    0.791  2.420  3.6978  1.659    7  0.000  0.531     0.00     0.00 -1    -1e-30      0.00 7.552e-01 2.447e-01 1.685e-05 4.729e-06 4.232e-05 -1.000 9.999e-05 -1.280 0.523 -0.689 -1.244 -1.482 -1.587 -1.644
0.0001 -2.19174 10.00000 0.8441860080 3.0899832249    0.791  2.461  3.6956  1.610    7  0.000  0.527     0.00     0.00 -1    -1e-30      0.00 7.550e-01 2.449e-01 1.674e-05 4.796e-06 4.233e-05 -1.000 7.020e-05 -1.382 0.460 -0.776 -1.342 -1.585 -1.693 -1.751
0.0001 -2.19174 10.00000 0.8441974521 3.0899877548    0.791  2.501  3.6934  1.560    7  0.000  0.518     0.00     0.00 -1    -1e-30      0.00 7.548e-01 2.451e-01 1.644e-05 5.082e-06 4.235e-05 -1.000 7.871e-05 -1.484 0.404 -0.861 -1.440 -1.689 -1.799 -1.859
0.0001 -2.19174 10.00000 0.8442077041 3.0899915695    0.791  2.542  3.6912  1.511    7  0.000  0.502     0.00     0.00 -1    -1e-30      0.00 7.546e-01 2.453e-01 1.596e-05 5.643e-06 4.236e-05 -1.000 1.000e-04 -1.586 0.348 -0.947 -1.539 -1.792 -1.905 -1.967
0.0001 -2.19174 10.00000 0.8442170024 3.0899951458    0.791  2.582  3.6891  1.462    7  0.000  0.487     0.00     0.00 -1    -1e-30      0.00 7.544e-01 2.455e-01 1.548e-05 6.239e-06 4.238e-05 -1.000 9.996e-05 -1.686 0.296 -1.030 -1.635 -1.894 -2.010 -2.074
0.0001 -2.19174 10.00000 0.8442255855 3.0899984837    0.791  2.623  3.6870  1.413    7  0.000  0.474     0.00     0.00 -1    -1e-30      0.00 7.542e-01 2.457e-01 1.506e-05 6.755e-06 4.239e-05 -1.000 1.000e-04 -1.787 0.245 -1.113 -1.732 -1.997 -2.115 -2.181
0.0001 -2.19174 10.00000 0.8442335129 3.0900015831    0.791  2.663  3.6848  1.365    7  0.000  0.462     0.00     0.00 -1    -1e-30      0.00 7.540e-01 2.459e-01 1.470e-05 7.195e-06 4.240e-05 -1.000 9.999e-05 -1.887 0.196 -1.195 -1.828 -2.098 -2.219 -2.287
0.0001 -2.19174 10.00000 0.8442410827 3.0900046825    0.791  2.703  3.6827  1.317    7  0.000  0.453     0.00     0.00 -1    -1e-30      0.00 7.538e-01 2.461e-01 1.440e-05 7.570e-06 4.240e-05 -1.000 9.993e-05 -1.986 0.147 -1.276 -1.924 -2.200 -2.323 -2.393
0.0001 -2.19174 10.00000 0.8442484140 3.0900073051    0.791  2.742  3.6806  1.268    7  0.000  0.444     0.00     0.00 -1    -1e-30      0.00 7.535e-01 2.464e-01 1.413e-05 7.907e-06 4.240e-05 -1.000 1.000e-04 -2.086 0.108 -1.355 -2.019 -2.301 -2.427 -2.499
0.0001 -2.19174 10.00000 0.8442555070 3.0900101662    0.791  2.783  3.6784  1.219    7  0.000  0.437     0.00     0.00 -1    -1e-30      0.00 7.533e-01 2.466e-01 1.390e-05 8.195e-06 4.238e-05 -1.000 9.921e-05 -2.187 0.073 -1.433 -2.114 -2.402 -2.531 -2.605
0.0001 -2.19174 10.00000 0.8442620039 3.0900127888    0.791  2.823  3.6762  1.170    7  0.000  0.431     0.00     0.00 -1    -1e-30      0.00 7.530e-01 2.469e-01 1.370e-05 8.448e-06 4.235e-05 -1.000 9.756e-05 -2.289 0.040 -1.511 -2.210 -2.504 -2.637 -2.713
0.0001 -2.19174 10.00000 0.8442675471 3.0900149345    0.791  2.863  3.6740  1.121    7  0.000  0.426     0.00     0.00 -1    -1e-30      0.00 7.528e-01 2.471e-01 1.352e-05 8.684e-06 4.228e-05 -1.000 1.000e-04 -2.388 0.010 -1.587 -2.304 -2.605 -2.740 -2.818
0.0001 -2.19174 10.00000 0.8442724943 3.0900168419    0.791  2.904  3.6717  1.071    7  0.000  0.423     0.00     0.00 -1    -1e-30      0.00 7.525e-01 2.474e-01 1.337e-05 8.916e-06 4.218e-05 -1.000 9.993e-05 -2.490 -0.018 -1.663 -2.399 -2.707 -2.846 -2.926
0.0001 -2.19174 10.00000 0.8442766666 3.0900182724    0.791  2.944  3.6695  1.022    7  0.000  0.420     0.00     0.00 -1    -1e-30      0.00 7.523e-01 2.476e-01 1.324e-05 9.158e-06 4.204e-05 -1.000 1.000e-04 -2.590 -0.044 -1.737 -2.492 -2.807 -2.950 -3.032
0.0001 -2.19174 10.00000 0.8442804217 3.0900199413    0.791  2.983  3.6672  0.974    7  0.000  0.418     0.00     0.00 -1    -1e-30      0.00 7.520e-01 2.479e-01 1.313e-05 9.411e-06 4.188e-05 -1.000 1.000e-04 -2.688 -0.060 -1.807 -2.584 -2.906 -3.052 -3.136
0.0001 -2.19174 10.00000 0.8442844152 3.0900213718    0.791  3.024  3.6648  0.923    7  0.000  0.417     0.00     0.00 -1    -1e-30      0.00 7.518e-01 2.481e-01 1.305e-05 9.651e-06 4.172e-05 -1.000 9.997e-05 -2.790 -0.066 -1.876 -2.677 -3.007 -3.157 -3.244
0.0001 -2.19174 10.00000 0.8442877531 3.0900225639    0.791  3.062  3.6626  0.876    7  0.000  0.416     0.00     0.00 -1    -1e-30      0.00 7.516e-01 2.483e-01 1.298e-05 9.853e-06 4.158e-05 -1.000 5.382e-05 -2.886 -0.068 -1.939 -2.764 -3.103 -3.256 -3.346
0.0001 -2.19174 10.00000 0.8442897797 3.0900235176    0.791  3.103  3.6601  0.826    7  0.000  0.416     0.00     0.00 -1    -1e-30      0.00 7.515e-01 2.484e-01 1.294e-05 9.981e-06 4.148e-05 -1.000 9.960e-05 -2.987 -0.065 -2.003 -2.855 -3.203 -3.361 -3.452
0.0001 -2.19174 10.00000 0.8442901373 3.0900235176    0.791  3.061  3.6627  0.878    7  0.000  0.416     0.00     0.00 -1    -1e-30      0.00 7.513e-01 2.486e-01 1.289e-05 1.017e-05 4.134e-05 -1.000 9.994e-05 -2.883 -0.070 -1.938 -2.761 -3.100 -3.253 -3.342
0.0001 -2.19174 10.00000 0.8442902565 3.0900237560    0.791  3.059  3.6628  0.881    7  0.000  0.416     0.00     0.00 -1    -1e-30      0.00 7.513e-01 2.486e-01 1.289e-05 1.018e-05 4.133e-05 -1.000 9.996e-05 -2.876 -0.070 -1.934 -2.755 -3.093 -3.246 -3.335
0.0001 -2.19174 10.00000 0.8442904353 3.0900237560    0.791  3.078  3.6617  0.857    7  0.000  0.416     0.00     0.00 -1    -1e-30      0.00 7.513e-01 2.486e-01 1.288e-05 1.019e-05 4.132e-05 -1.000 1.000e-04 -2.925 -0.070 -1.965 -2.799 -3.141 -3.297 -3.387
0.0001 -2.19174 10.00000 0.8442905545 3.0900237560    0.791  3.096  3.6605  0.834    7  0.000  0.416     0.00     0.00 -1    -1e-30      0.00 7.513e-01 2.486e-01 1.288e-05 1.020e-05 4.132e-05 -1.000 9.999e-05 -2.970 -0.067 -1.993 -2.840 -3.186 -3.344 -3.435
0.0001 -2.19174 10.00000 0.8442907333 3.0900237560    0.791  3.117  3.6592  0.808    7  0.000  0.416     0.00     0.00 -1    -1e-30      0.00 7.513e-01 2.486e-01 1.288e-05 1.021e-05 4.131e-05 -1.000 1.000e-04 -3.023 -0.063 -2.026 -2.887 -3.239 -3.398 -3.491
0.0001 -2.19174 10.00000 0.8442909718 3.0900239944    0.791  3.139  3.6578  0.781    7  0.000  0.416     0.00     0.00 -1    -1e-30      0.00 7.511e-01 2.488e-01 1.284e-05 1.037e-05 4.118e-05 -1.000 9.999e-05 -3.077 -0.057 -2.059 -2.936 -3.293 -3.455 -3.549
0.0001 -2.19174 10.00000 0.8442913294 3.0900239944    0.791  3.175  3.6555  0.736    7  0.000  0.415     0.00     0.00 -1    -1e-30      0.00 7.509e-01 2.490e-01 1.279e-05 1.054e-05 4.106e-05 -1.000 9.999e-05 -3.167 -0.045 -2.112 -3.016 -3.382 -3.548 -3.645
0.0001 -2.19174 10.00000 0.8442918658 3.0900242329    0.791  3.226  3.6522  0.671    7  0.000  0.415     0.00     0.00 -1    -1e-30      0.00 7.505e-01 2.494e-01 1.269e-05 1.096e-05 4.075e-05 -1.000 9.997e-05 -3.295 -0.016 -2.184 -3.127 -3.507 -3.679 -3.779
0.0001 -2.19174 10.00000 0.8442924619 3.0900244713    0.791  3.414  3.6091  0.310    8  0.549  0.390    87.37    43.29  1 -1.07e-06      0.00 7.290e-01 2.706e-01 6.375e-05 5.931e-05 2.177e-04 -1.000 3.690e-04 -3.766 1.429 -1.831 -3.266 -3.836 -4.098 -4.253
0.0001 -2.19174 10.00000 0.8442925215 3.0900244713    0.790  3.292  3.6173  0.465    8  0.549  0.390    62.57    32.41  1 -6.11e-07      0.00 7.290e-01 2.706e-01 6.375e-05 5.931e-05 2.177e-04 -1.000 3.690e-04 -3.459 1.285 -1.747 -3.053 -3.569 -3.806 -3.948
0.0001 -2.19174 10.00000 0.8442925811 3.0900244713    0.789  3.152  3.6301  0.656    8  0.549  0.390    41.49    22.71  1 -3.17e-07      0.00 7.290e-01 2.706e-01 6.375e-05 5.931e-05 2.177e-04 -1.000 3.690e-04 -3.109 1.000 -1.668 -2.811 -3.264 -3.473 -3.597
0.0001 -2.19174 10.00000 0.8442927599 3.0900247097    0.786  2.925  3.6506  0.963    8  0.549  0.390    21.39    12.79  1 -1.05e-07      0.00 7.290e-01 2.706e-01 6.375e-05 5.931e-05 2.177e-04 -1.000 3.690e-04 -2.543 0.605 -1.468 -2.374 -2.742 -2.912 -3.012
0.0001 -2.19174 10.00000 0.8442929983 3.0900247097    0.781  2.930  3.6501  0.953    8  0.549  0.390    21.84    12.99  1  -1.1e-07      0.00 7.290e-01 2.706e-01 6.375e-05 5.931e-05 2.177e-04 -1.000 3.690e-04 -2.555 0.617 -1.472 -2.383 -2.754 -2.925 -3.026
0.0001 -2.19174 10.00000 0.8442932963 3.0900247097    0.776  2.996  3.6440  0.860    8  0.550  0.390    26.71    15.40  1 -1.56e-07      0.00 7.290e-01 2.706e-01 6.375e-05 5.931e-05 2.177e-04 -1.000 3.690e-04 -2.719 0.727 -1.536 -2.514 -2.908 -3.090 -3.197
0.0001 -2.19174 10.00000 0.8442937136 3.0900249481    0.770  3.151  3.6297  0.644    8  0.550  0.390    42.56    22.95  1 -3.42e-07      0.00 7.290e-01 2.706e-01 6.375e-05 5.931e-05 2.177e-04 -1.000 3.690e-04 -3.107 1.026 -1.657 -2.806 -3.261 -3.471 -3.596
0.0001 -2.19174 10.00000 0.8442941308 3.0900251865    0.762  3.294  3.6165  0.444    8  0.550  0.390    65.54    33.17  1 -6.91e-07      0.00 7.290e-01 2.706e-01 6.375e-05 5.931e-05 2.177e-04 -1.000 3.690e-04 -3.464 1.331 -1.727 -3.048 -3.570 -3.810 -3.953
0.0001 -2.19174 10.00000 0.8442946076 3.0900254250    0.753  3.390  3.6075  0.307    8  0.551  0.390    88.14    42.61  1 -1.12e-06      0.00 7.290e-01 2.706e-01 6.375e-05 5.931e-05 2.177e-04 -1.000 3.690e-04 -3.705 1.543 -1.742 -3.190 -3.767 -4.032 -4.189
0.0001 -2.19174 10.00000 0.8442952037 3.0900256634    0.744  3.443  3.6025  0.228    8  0.551  0.390   104.64    49.09  1 -1.48e-06      0.00 7.290e-01 2.706e-01 6.375e-05 5.931e-05 2.177e-04 -1.000 3.690e-04 -3.838 1.662 -1.742 -3.261 -3.872 -4.152 -4.318
0.0001 -2.19174 10.00000 0.8442957997 3.0900259018    0.733  3.470  3.5998  0.184    8  0.552  0.390   115.19    52.91  1 -1.75e-06      0.00 7.290e-01 2.706e-01 6.375e-05 5.931e-05 2.177e-04 -1.000 3.690e-04 -3.906 1.732 -1.736 -3.295 -3.924 -4.212 -4.383
0.0001 -2.19174 10.00000 0.8442965150 3.0900261402    0.722  3.487  3.5980  0.154    8  0.552  0.390   123.16    55.54  0 -1.98e-06      0.00 7.290e-01 2.706e-01 6.375e-05 5.931e-05 2.177e-04 -1.000 3.690e-04 -3.946 1.783 -1.728 -3.313 -3.955 -4.248 -4.422
0.0001 -2.19174 10.00000 0.8442991376 3.0900270939    0.554 -9.999  4.0000  1.705    9  0.554  0.000     0.00     0.00 -1    -1e-30      0.00 7.290e-01 2.706e-01 6.375e-05 5.931e-05 2.177e-04 -1.000 3.690e-04 29.767 30.442 29.976 30.218 30.443 30.542 30.624
#isochrone terminated
