# File generated by CMD 3.6 (http://stev.oapd.inaf.it/cmd) on Fri Jan 28 21:25:45 CET 2022
# isochrones based on PARSEC release v1.2S +  COLIBRI S_35
# Basic references: Bressan et al. (2012), MNRAS, 427, 127 + Chen et al. (2014, 2015), MNRAS, 444, 2525 + MNRAS, 452, 1068 + Tang et al. (2014), MNRAS, 445, 4287 + Marigo et al. (2017), ApJ, 835, 77 + Pastorelli al. (2019), MNRAS, 485, 5666
# Thermal pulse cycles included 
# On RGB, assumed Reimers mass loss with efficiency eta=0.2
# Photometric system: LSST ugrizy, July 2019 total filter throughputs for DP0 (all ABmags)
# O-rich circumstellar dpmod60alox40 dust from Groenewegen (2006)
# C-rich circumstellar AMCSIC15 dust from Groenewegen (2006)
# IMF: Chabrier (2001) lognormal 
# Kind of output: isochrone tables
# Zini     MH   logAge Mini        int_IMF         Mass   logL    logTe  logg  label   McoreTP C_O  period0  period1  pmode  Mloss  tau1m   X   Y   Xc  Xn  Xo  Cexcess  Z 	 mbolmag  umag    gmag    rmag    imag    zmag    ymag
0.0002 -1.89055 10.00000 0.0900000036 1.4676543474    0.090 -3.205  3.4872  5.498    1  0.000  0.545     0.00     0.00 -1 -4.66e-17      0.00 7.488e-01 2.510e-01 3.596e-05 9.702e-06 8.799e-05 -1.000 2.000e-04 12.782 21.458 15.920 14.209 12.839 12.366 12.150
0.0002 -1.89055 10.00000 0.0904410109 1.4724080563    0.090 -3.187  3.4899  5.493    1  0.000  0.545     0.00     0.00 -1 -4.88e-17      0.00 7.487e-01 2.511e-01 3.596e-05 9.702e-06 8.799e-05 -1.000 1.999e-04 12.737 21.259 15.827 14.124 12.789 12.325 12.110
0.0002 -1.89055 10.00000 0.0971364304 1.5420091152    0.097 -2.925  3.5284  5.416    1  0.000  0.545     0.00     0.00 -1 -9.38e-17      0.00 7.472e-01 2.526e-01 3.596e-05 9.702e-06 8.799e-05 -1.000 2.000e-04 12.084 18.551 14.523 12.954 12.064 11.704 11.509
0.0002 -1.89055 10.00000 0.1000000015 1.5704020262    0.100 -2.819  3.5441  5.386    1  0.000  0.545     0.00     0.00 -1 -1.22e-16      0.00 7.466e-01 2.532e-01 3.596e-05 9.702e-06 8.799e-05 -1.000 2.000e-04 11.819 17.610 14.026 12.525 11.767 11.442 11.258
0.0002 -1.89055 10.00000 0.1199999973 1.7478251457    0.120 -2.525  3.5748  5.293    1  0.000  0.545     0.00     0.00 -1 -2.45e-16      0.00 7.438e-01 2.560e-01 3.596e-05 9.702e-06 8.800e-05 -1.000 1.999e-04 11.082 15.815 12.890 11.552 10.970 10.703 10.541
0.0002 -1.89055 10.00000 0.1400000006 1.8958495855    0.140 -2.342  3.5896  5.236    1  0.000  0.545     0.00     0.00 -1 -3.69e-16      0.00 7.419e-01 2.579e-01 3.596e-05 9.703e-06 8.800e-05 -1.000 2.001e-04 10.624 14.728 12.212 10.992 10.473 10.226 10.076
0.0002 -1.89055 10.00000 0.1599999964 2.0211524963    0.160 -2.199  3.5991  5.190    1  0.000  0.545     0.00     0.00 -1 -5.05e-16      0.00 7.406e-01 2.592e-01 3.596e-05 9.703e-06 8.800e-05 -1.000 1.999e-04 10.268 13.852 11.665 10.559 10.087 9.859 9.721
0.0002 -1.89055 10.00000 0.2000000179 2.2217824459    0.200 -1.979  3.6113  5.115    1  0.000  0.545     0.00     0.00 -1 -8.16e-16      0.00 7.396e-01 2.602e-01 3.596e-05 9.703e-06 8.800e-05 -1.000 2.000e-04 9.717 13.060 10.994 9.966 9.526 9.314 9.187
0.0002 -1.89055 10.00000 0.2500000000 2.4080901146    0.250 -1.776  3.6223  5.053    1  0.000  0.545     0.00     0.00 -1 -1.25e-15      0.00 7.397e-01 2.601e-01 3.596e-05 9.703e-06 8.800e-05 -1.000 2.000e-04 9.210 12.343 10.380 9.421 9.008 8.812 8.695
0.0002 -1.89055 10.00000 0.3000000417 2.5475041866    0.300 -1.620  3.6314  5.013    1  0.000  0.545     0.00     0.00 -1 -1.72e-15      0.00 7.399e-01 2.599e-01 3.595e-05 9.704e-06 8.800e-05 -1.000 2.001e-04 8.820 11.789 9.907 8.999 8.610 8.427 8.318
0.0002 -1.89055 10.00000 0.3499999940 2.6555202007    0.350 -1.492  3.6397  4.985    1  0.000  0.544     0.00     0.00 -1  -2.2e-15      0.00 7.398e-01 2.600e-01 3.593e-05 9.705e-06 8.800e-05 -1.000 2.000e-04 8.501 11.325 9.515 8.652 8.284 8.112 8.010
0.0002 -1.89055 10.00000 0.4000000060 2.7413372993    0.400 -1.368  3.6487  4.955    1  0.000  0.545     0.00     0.00 -1 -2.84e-15      0.00 7.503e-01 2.495e-01 3.596e-05 9.702e-06 8.799e-05 -1.000 2.000e-04 8.190 10.857 9.126 8.311 7.965 7.806 7.713
0.0002 -1.89055 10.00000 0.4500000179 2.8109800816    0.450 -1.214  3.6638  4.912    1  0.000  0.545     0.00     0.00 -1    -4e-15      0.00 7.507e-01 2.491e-01 3.596e-05 9.702e-06 8.799e-05 -1.000 2.000e-04 7.805 10.213 8.624 7.884 7.573 7.434 7.354
0.0002 -1.89055 10.00000 0.5000000000 2.8684780598    0.500 -1.043  3.6820  4.859    1  0.000  0.545     0.00     0.00 -1 -5.99e-15      0.00 7.507e-01 2.491e-01 3.596e-05 9.702e-06 8.799e-05 -1.000 2.000e-04 7.377 9.476 8.069 7.413 7.142 7.026 6.960
0.0002 -1.89055 10.00000 0.5500000715 2.9166350365    0.550 -0.846  3.7018  4.783    1  0.000  0.544     0.00     0.00 -1  -9.8e-15      0.00 7.791e-01 2.208e-01 3.213e-05 8.672e-06 7.868e-05 -1.000 1.014e-04 6.885 8.672 7.464 6.892 6.659 6.565 6.515
0.0002 -1.89055 10.00000 0.6000000238 2.9573988914    0.600 -0.647  3.7261  4.719    1  0.000  0.544     0.00     0.00 -1  -1.6e-14      0.00 7.895e-01 2.103e-01 3.077e-05 8.310e-06 7.543e-05 -1.000 2.001e-04 6.388 7.849 6.856 6.378 6.190 6.121 6.089
0.0002 -1.89055 10.00000 0.6005010009 2.9577758312    0.600 -0.645  3.7264  4.719    1  0.000  0.544     0.00     0.00 -1  -1.6e-14      0.00 7.896e-01 2.102e-01 3.075e-05 8.306e-06 7.539e-05 -1.000 2.000e-04 6.382 7.840 6.850 6.373 6.186 6.116 6.085
0.0002 -1.89055 10.00000 0.6130759120 2.9670529366    0.613 -0.593  3.7334  4.704    1  0.000  0.544     0.00     0.00 -1 -1.82e-14      0.00 7.929e-01 2.069e-01 3.033e-05 8.194e-06 7.438e-05 -1.000 1.999e-04 6.252 7.630 6.693 6.243 6.067 6.005 5.978
0.0002 -1.89055 10.00000 0.6277009249 2.9774141312    0.627 -0.532  3.7416  4.686    1  0.000  0.543     0.00     0.00 -1 -2.11e-14      0.00 7.969e-01 2.029e-01 2.981e-05 8.055e-06 7.314e-05 -1.000 1.724e-04 6.100 7.393 6.513 6.092 5.930 5.876 5.855
0.0002 -1.89055 10.00000 0.6411740184 2.9865701199    0.641 -0.476  3.7491  4.669    1  0.000  0.543     0.00     0.00 -1 -2.43e-14      0.00 8.009e-01 1.990e-01 2.930e-05 7.920e-06 7.192e-05 -1.000 1.618e-04 5.959 7.184 6.349 5.955 5.805 5.758 5.741
0.0002 -1.89055 10.00000 0.6499999762 2.9923686981    0.650 -0.438  3.7540  4.657    1  0.000  0.543     0.00     0.00 -1 -2.66e-14      0.00 8.036e-01 1.962e-01 2.896e-05 7.826e-06 7.108e-05 -1.000 1.877e-04 5.866 7.050 6.242 5.865 5.723 5.679 5.666
0.0002 -1.89055 10.00000 0.6621206999 3.0000877380    0.662 -0.387  3.7604  4.639    1  0.000  0.543     0.00     0.00 -1 -3.03e-14      0.00 8.083e-01 1.915e-01 2.835e-05 7.665e-06 6.963e-05 -1.000 1.473e-04 5.737 6.874 6.096 5.740 5.608 5.570 5.562
0.0002 -1.89055 10.00000 0.6765359044 3.0089185238    0.676 -0.325  3.7678  4.616    1  0.000  0.542     0.00     0.00 -1 -3.55e-14      0.00 8.144e-01 1.855e-01 2.757e-05 7.457e-06 6.777e-05 -1.000 1.454e-04 5.583 6.666 5.921 5.590 5.470 5.439 5.435
0.0002 -1.89055 10.00000 0.6902233958 3.0169725418    0.690 -0.265  3.7747  4.593    1  0.000  0.542     0.00     0.00 -1 -4.14e-14      0.00 8.206e-01 1.792e-01 2.677e-05 7.243e-06 6.584e-05 -1.000 2.000e-04 5.434 6.477 5.756 5.446 5.336 5.312 5.312
0.0002 -1.89055 10.00000 0.6999999881 3.0225379467    0.700 -0.222  3.7795  4.575    1  0.000  0.542     0.00     0.00 -1 -4.63e-14      0.00 8.254e-01 1.744e-01 2.615e-05 7.079e-06 6.438e-05 -1.000 2.000e-04 5.326 6.341 5.636 5.341 5.239 5.220 5.222
0.0002 -1.89055 10.00000 0.7004695535 3.0228016376    0.700 -0.220  3.7797  4.574    1  0.000  0.542     0.00     0.00 -1 -4.65e-14      0.00 8.257e-01 1.741e-01 2.612e-05 7.071e-06 6.430e-05 -1.000 1.994e-04 5.320 6.334 5.630 5.336 5.235 5.215 5.218
0.0002 -1.89055 10.00000 0.7130185366 3.0297193527    0.713 -0.163  3.7855  4.548    1  0.000  0.539     0.00     0.00 -1 -5.43e-14      0.00 8.328e-01 1.670e-01 2.517e-05 6.840e-06 6.226e-05 -1.000 1.733e-04 5.177 6.166 5.474 5.197 5.105 5.090 5.096
0.0002 -1.89055 10.00000 0.7251088023 3.0361647606    0.725 -0.106  3.7910  4.520    1  0.000  0.536     0.00     0.00 -1 -6.34e-14      0.00 8.394e-01 1.605e-01 2.432e-05 6.634e-06 6.045e-05 -1.000 1.000e-04 5.034 6.001 5.319 5.058 4.974 4.965 4.974
0.0002 -1.89055 10.00000 0.7358694077 3.0417282581    0.736 -0.053  3.7957  4.492    1  0.000  0.534     0.00     0.00 -1 -7.32e-14      0.00 8.449e-01 1.550e-01 2.364e-05 6.471e-06 5.901e-05 -1.000 1.276e-04 4.903 5.852 5.177 4.930 4.853 4.848 4.860
0.0002 -1.89055 10.00000 0.7460150123 3.0468313694    0.746 -0.001  3.8000  4.464    1  0.000  0.532     0.00     0.00 -1 -8.47e-14      0.00 8.496e-01 1.503e-01 2.308e-05 6.339e-06 5.786e-05 -1.000 1.078e-04 4.773 5.710 5.037 4.802 4.732 4.732 4.746
0.0002 -1.89055 10.00000 0.7500000000 3.0487992764    0.750  0.020  3.8017  4.452    1  0.000  0.531     0.00     0.00 -1 -8.99e-14      0.00 8.514e-01 1.485e-01 2.289e-05 6.293e-06 5.746e-05 -1.000 9.997e-05 4.720 5.652 4.980 4.750 4.683 4.684 4.699
0.0002 -1.89055 10.00000 0.7575349212 3.0524649620    0.757  0.061  3.8050  4.429    1  0.000  0.531     0.00     0.00 -1 -1.01e-13      0.00 8.522e-01 1.476e-01 2.291e-05 6.301e-06 5.755e-05 -1.000 1.141e-04 4.618 5.542 4.871 4.650 4.588 4.593 4.609
0.0002 -1.89055 10.00000 0.7672262192 3.0570774078    0.767  0.116  3.8093  4.396    1  0.000  0.530     0.00     0.00 -1 -1.18e-13      0.00 8.532e-01 1.467e-01 2.294e-05 6.313e-06 5.769e-05 -1.000 1.003e-04 4.480 5.393 4.722 4.514 4.459 4.468 4.486
0.0002 -1.89055 10.00000 0.7758106589 3.0610694885    0.775  0.168  3.8130  4.363    1  0.000  0.530     0.00     0.00 -1 -1.38e-13      0.00 8.540e-01 1.459e-01 2.298e-05 6.327e-06 5.785e-05 -1.000 1.506e-04 4.349 5.255 4.581 4.384 4.335 4.348 4.367
0.0002 -1.89055 10.00000 0.7840024233 3.0648000240    0.783  0.222  3.8165  4.328    1  0.000  0.529     0.00     0.00 -1 -1.61e-13      0.00 8.546e-01 1.453e-01 2.303e-05 6.342e-06 5.801e-05 -1.000 1.362e-04 4.215 5.114 4.437 4.250 4.207 4.224 4.245
0.0002 -1.89055 10.00000 0.7915527225 3.0681722164    0.791  0.275  3.8196  4.291    1  0.000  0.529     0.00     0.00 -1 -1.89e-13      0.00 8.551e-01 1.448e-01 2.308e-05 6.360e-06 5.818e-05 -1.000 1.165e-04 4.082 4.976 4.295 4.117 4.079 4.099 4.122
0.0002 -1.89055 10.00000 0.7984629273 3.0712034702    0.797  0.328  3.8223  4.253    1  0.000  0.529     0.00     0.00 -1 -2.22e-13      0.00 8.555e-01 1.444e-01 2.314e-05 6.378e-06 5.836e-05 -1.000 1.000e-04 3.950 4.840 4.155 3.986 3.953 3.976 3.999
0.0002 -1.89055 10.00000 0.8000000119 3.0718705654    0.799  0.340  3.8229  4.244    1  0.000  0.529     0.00     0.00 -1  -2.3e-13      0.00 8.555e-01 1.444e-01 2.315e-05 6.382e-06 5.840e-05 -1.000 9.997e-05 3.920 4.809 4.123 3.955 3.924 3.947 3.970
0.0002 -1.89055 10.00000 0.8062519431 3.0745570660    0.805  0.391  3.8251  4.205    1  0.000  0.529     0.00     0.00 -1  -2.7e-13      0.00 8.551e-01 1.448e-01 2.322e-05 6.400e-06 5.857e-05 -1.000 1.128e-04 3.793 4.680 3.988 3.828 3.800 3.826 3.850
0.0002 -1.89055 10.00000 0.8137125373 3.0777072906    0.812  0.456  3.8269  4.151    1  0.000  0.529     0.00     0.00 -1 -3.32e-13      0.00 8.527e-01 1.471e-01 2.353e-05 6.484e-06 5.933e-05 -1.000 1.280e-04 3.629 4.515 3.816 3.663 3.639 3.667 3.691
0.0002 -1.89055 10.00000 0.8148087263 3.0781652927    0.814  0.467  3.8269  4.141    1  0.000  0.529     0.00     0.00 -1 -3.46e-13      0.00 8.524e-01 1.475e-01 2.357e-05 6.496e-06 5.944e-05 -1.000 1.302e-04 3.603 4.490 3.789 3.636 3.613 3.641 3.665
0.0002 -1.89055 10.00000 0.8164846897 3.0788629055    0.815  0.484  3.8267  4.124    1  0.000  0.529     0.00     0.00 -1 -3.66e-13      0.00 8.519e-01 1.480e-01 2.364e-05 6.515e-06 5.961e-05 -1.000 1.336e-04 3.559 4.447 3.745 3.592 3.568 3.596 3.620
0.0002 -1.89055 10.00000 0.8212357163 3.0808248520    0.820  0.537  3.8253  4.069    1  0.000  0.529     0.00     0.00 -1 -4.37e-13      0.00 8.503e-01 1.495e-01 2.384e-05 6.569e-06 6.010e-05 -1.000 1.433e-04 3.429 4.321 3.615 3.459 3.434 3.461 3.484
0.0002 -1.89055 10.00000 0.8251846433 3.0824377537    0.824  0.586  3.8221  4.008    1  0.000  0.529     0.00     0.00 -1 -5.25e-13      0.00 8.491e-01 1.508e-01 2.400e-05 6.613e-06 6.050e-05 -1.000 1.511e-04 3.305 4.205 3.495 3.332 3.303 3.327 3.348
0.0002 -1.89055 10.00000 0.8258515000 3.0827085972    0.824  0.595  3.8213  3.996    1  0.000  0.529     0.00     0.00 -1 -5.43e-13      0.00 8.489e-01 1.510e-01 2.403e-05 6.620e-06 6.056e-05 -1.000 1.524e-04 3.282 4.184 3.474 3.309 3.278 3.302 3.323
0.0002 -1.89055 10.00000 0.8265451193 3.0829899311    0.825  0.605  3.8202  3.982    2  0.000  0.529     0.00     0.00 -1 -5.68e-13      0.00 8.486e-01 1.512e-01 2.406e-05 6.628e-06 6.063e-05 -1.000 1.539e-04 3.257 4.162 3.450 3.283 3.250 3.273 3.293
0.0002 -1.89055 10.00000 0.8288735151 3.0839304924    0.827  0.643  3.8146  3.923    2  0.000  0.529     0.00     0.00 -1 -6.58e-13      0.00 8.479e-01 1.519e-01 2.415e-05 6.654e-06 6.087e-05 -1.000 1.584e-04 3.162 4.081 3.366 3.185 3.144 3.161 3.178
0.0002 -1.89055 10.00000 0.8306453824 3.0846424103    0.829  0.677  3.8075  3.862    2  0.000  0.529     0.00     0.00 -1 -7.62e-13      0.00 8.473e-01 1.525e-01 2.423e-05 6.674e-06 6.105e-05 -1.000 1.620e-04 3.078 4.016 3.297 3.097 3.045 3.055 3.069
0.0002 -1.89055 10.00000 0.8320266008 3.0851955414    0.830  0.707  3.7990  3.799    2  0.000  0.529     0.00     0.00 -1 -8.77e-13      0.00 8.469e-01 1.529e-01 2.428e-05 6.689e-06 6.119e-05 -1.000 1.647e-04 3.004 3.967 3.241 3.018 2.954 2.955 2.965
0.0002 -1.89055 10.00000 0.8331366181 3.0856385231    0.831  0.734  3.7896  3.734    2  0.000  0.529     0.00     0.00 -1    -1e-12      0.00 8.466e-01 1.533e-01 2.433e-05 6.701e-06 6.130e-05 -1.000 1.669e-04 2.936 3.931 3.196 2.948 2.868 2.860 2.865
0.0002 -1.89055 10.00000 0.8340604305 3.0860061646    0.832  0.758  3.7795  3.670    2  0.000  0.530     0.00     0.00 -1 -1.15e-12      0.00 8.405e-01 1.593e-01 2.504e-05 6.893e-06 6.303e-05 -1.000 1.567e-04 2.874 3.908 3.160 2.884 2.788 2.770 2.770
0.0002 -1.89055 10.00000 0.8348646760 3.0863256454    0.833  0.781  3.7703  3.611    2  0.000  0.532     0.00     0.00 -1 -1.29e-12      0.00 8.187e-01 1.812e-01 2.754e-05 7.563e-06 6.901e-05 -1.000 1.552e-04 2.817 3.897 3.128 2.825 2.715 2.687 2.682
0.0002 -1.89055 10.00000 0.8356062770 3.0866198540    0.834  0.806  3.7618  3.553    2  0.000  0.534     0.00     0.00 -1 -1.46e-12      0.00 7.955e-01 2.043e-01 3.019e-05 8.273e-06 7.535e-05 -1.000 1.641e-04 2.756 3.883 3.091 2.763 2.640 2.604 2.593
0.0002 -1.89055 10.00000 0.8363502026 3.0869143009    0.834  0.838  3.7540  3.489    2  0.000  0.536     0.00     0.00 -1 -1.69e-12      0.00 7.798e-01 2.200e-01 3.201e-05 8.758e-06 7.966e-05 -1.000 1.938e-04 2.674 3.849 3.033 2.681 2.545 2.502 2.486
0.0002 -1.89055 10.00000 0.8369317651 3.0871438980    0.835  0.874  3.7490  3.434    2  0.000  0.536     0.00     0.00 -1 -1.96e-12      0.00 7.733e-01 2.265e-01 3.276e-05 8.959e-06 8.146e-05 -1.000 2.000e-04 2.585 3.795 2.959 2.592 2.448 2.400 2.381
0.0002 -1.89055 10.00000 0.8375071287 3.0873711109    0.835  0.916  3.7449  3.376    2  0.000  0.536     0.00     0.00 -1  -2.3e-12      0.00 7.690e-01 2.308e-01 3.325e-05 9.089e-06 8.262e-05 -1.000 2.000e-04 2.480 3.721 2.867 2.487 2.337 2.284 2.262
0.0002 -1.89055 10.00000 0.8376830816 3.0874404907    0.836  0.931  3.7439  3.357    2  0.000  0.537     0.00     0.00 -1 -2.44e-12      0.00 7.681e-01 2.317e-01 3.334e-05 9.114e-06 8.285e-05 -1.000 1.759e-04 2.442 3.690 2.832 2.449 2.297 2.243 2.221
0.0002 -1.89055 10.00000 0.8381552100 3.0876264572    0.836  0.974  3.7415  3.304    3  0.000  0.537     0.00     0.00 -1 -2.85e-12      0.00 7.658e-01 2.340e-01 3.357e-05 9.175e-06 8.340e-05 -1.000 2.000e-04 2.335 3.601 2.732 2.342 2.186 2.130 2.106
0.0002 -1.89055 10.00000 0.8386714458 3.0878293514    0.836  1.024  3.7391  3.245    3  0.000  0.537     0.00     0.00 -1 -3.43e-12      0.00 7.636e-01 2.362e-01 3.377e-05 9.229e-06 8.388e-05 -1.000 2.001e-04 2.210 3.495 2.615 2.217 2.057 1.999 1.973
0.0002 -1.89055 10.00000 0.8391096592 3.0880017281    0.837  1.070  3.7373  3.192    3  0.000  0.537     0.00     0.00 -1 -4.05e-12      0.00 7.618e-01 2.380e-01 3.390e-05 9.266e-06 8.420e-05 -1.000 2.000e-04 2.095 3.395 2.506 2.103 1.940 1.880 1.853
0.0002 -1.89055 10.00000 0.8395283222 3.0881659985    0.837  1.116  3.7356  3.139    3  0.000  0.537     0.00     0.00 -1 -4.79e-12      0.00 7.602e-01 2.396e-01 3.401e-05 9.296e-06 8.447e-05 -1.000 2.000e-04 1.979 3.295 2.395 1.987 1.821 1.760 1.731
0.0002 -1.89055 10.00000 0.8399534822 3.0883326530    0.837  1.167  3.7339  3.081    3  0.000  0.537     0.00     0.00 -1 -5.75e-12      0.00 7.585e-01 2.413e-01 3.409e-05 9.325e-06 8.470e-05 -1.000 1.978e-04 1.852 3.185 2.274 1.861 1.692 1.629 1.599
0.0002 -1.89055 10.00000 0.8403441310 3.0884857178    0.838  1.218  3.7323  3.025    3  0.000  0.536     0.00     0.00 -1 -6.89e-12      0.00 7.570e-01 2.429e-01 3.413e-05 9.352e-06 8.489e-05 -1.000 1.737e-04 1.726 3.073 2.153 1.735 1.564 1.499 1.468
0.0002 -1.89055 10.00000 0.8406948447 3.0886230469    0.838  1.267  3.7308  2.970    3  0.000  0.535     0.00     0.00 -1 -8.22e-12      0.00 7.556e-01 2.442e-01 3.412e-05 9.386e-06 8.503e-05 -1.000 1.481e-04 1.603 2.966 2.036 1.613 1.439 1.373 1.341
0.0002 -1.89055 10.00000 0.8410013318 3.0887429714    0.838  1.313  3.7293  2.917    3  0.000  0.533     0.00     0.00 -1 -9.71e-12      0.00 7.543e-01 2.455e-01 3.406e-05 9.437e-06 8.514e-05 -1.000 2.000e-04 1.487 2.866 1.925 1.497 1.321 1.253 1.220
0.0002 -1.89055 10.00000 0.8412998915 3.0888595581    0.838  1.362  3.7278  2.862    3  0.000  0.531     0.00     0.00 -1 -1.16e-11      0.00 7.532e-01 2.466e-01 3.395e-05 9.526e-06 8.524e-05 -1.000 2.000e-04 1.365 2.759 1.808 1.375 1.196 1.126 1.092
0.0002 -1.89055 10.00000 0.8415862918 3.0889713764    0.838  1.413  3.7262  2.805    3  0.000  0.528     0.00     0.00 -1 -1.39e-11      0.00 7.522e-01 2.476e-01 3.380e-05 9.661e-06 8.531e-05 -1.000 1.999e-04 1.236 2.647 1.685 1.247 1.065 0.994 0.959
0.0002 -1.89055 10.00000 0.8418263793 3.0890650749    0.839  1.460  3.7246  2.752    3  0.000  0.525     0.00     0.00 -1 -1.65e-11      0.00 7.514e-01 2.484e-01 3.364e-05 9.813e-06 8.537e-05 -1.000 2.000e-04 1.119 2.546 1.574 1.130 0.946 0.873 0.837
0.0002 -1.89055 10.00000 0.8420453668 3.0891506672    0.839  1.507  3.7231  2.699    3  0.000  0.523     0.00     0.00 -1 -1.95e-11      0.00 7.507e-01 2.491e-01 3.348e-05 9.976e-06 8.541e-05 -1.000 2.000e-04 1.003 2.448 1.464 1.014 0.827 0.753 0.716
0.0002 -1.89055 10.00000 0.8422513008 3.0892307758    0.839  1.555  3.7215  2.645    3  0.000  0.520     0.00     0.00 -1 -2.32e-11      0.00 7.502e-01 2.496e-01 3.333e-05 1.014e-05 8.545e-05 -1.000 2.000e-04 0.883 2.348 1.351 0.896 0.706 0.630 0.592
0.0002 -1.89055 10.00000 0.8424332738 3.0893018246    0.839  1.601  3.7199  2.592    3  0.000  0.518     0.00     0.00 -1 -2.74e-11      0.00 7.498e-01 2.500e-01 3.322e-05 1.027e-05 8.547e-05 -1.000 1.999e-04 0.769 2.254 1.244 0.782 0.590 0.512 0.472
0.0002 -1.89055 10.00000 0.8426063657 3.0893692970    0.839  1.648  3.7182  2.538    3  0.000  0.517     0.00     0.00 -1 -3.25e-11      0.00 7.496e-01 2.502e-01 3.314e-05 1.036e-05 8.548e-05 -1.000 2.000e-04 0.650 2.155 1.132 0.664 0.469 0.389 0.348
0.0002 -1.89055 10.00000 0.8427588940 3.0894286633    0.838  1.694  3.7166  2.486    3  0.000  0.516     0.00     0.00 -1 -3.84e-11      0.00 7.494e-01 2.504e-01 3.309e-05 1.042e-05 8.549e-05 -1.000 2.000e-04 0.535 2.061 1.025 0.551 0.352 0.271 0.229
0.0002 -1.89055 10.00000 0.8428946733 3.0894813538    0.838  1.738  3.7149  2.435    3  0.000  0.516     0.00     0.00 -1 -4.51e-11      0.00 7.493e-01 2.505e-01 3.306e-05 1.045e-05 8.550e-05 -1.000 1.999e-04 0.424 1.973 0.922 0.441 0.239 0.157 0.112
0.0002 -1.89055 10.00000 0.8430240154 3.0895318985    0.838  1.784  3.7133  2.382    3  0.000  0.515     0.00     0.00 -1 -5.32e-11      0.00 7.493e-01 2.505e-01 3.305e-05 1.046e-05 8.550e-05 -1.000 2.000e-04 0.309 1.881 0.814 0.327 0.122 0.038 -0.008
0.0002 -1.89055 10.00000 0.8431411386 3.0895774364    0.838  1.830  3.7116  2.330    3  0.000  0.515     0.00     0.00 -1 -6.28e-11      0.00 7.493e-01 2.505e-01 3.305e-05 1.046e-05 8.551e-05 -1.000 2.000e-04 0.196 1.790 0.709 0.214 0.007 -0.080 -0.126
0.0002 -1.89055 10.00000 0.8432441950 3.0896174908    0.838  1.873  3.7099  2.280    3  0.000  0.515     0.00     0.00 -1 -7.35e-11      0.00 7.493e-01 2.505e-01 3.305e-05 1.047e-05 8.551e-05 -1.000 2.000e-04 0.088 1.706 0.610 0.108 -0.103 -0.191 -0.239
0.0002 -1.89055 10.00000 0.8433389068 3.0896542072    0.838  1.915  3.7083  2.231    3  0.000  0.515     0.00     0.00 -1 -8.57e-11      0.00 7.493e-01 2.505e-01 3.305e-05 1.047e-05 8.551e-05 -1.000 2.000e-04 -0.018 1.625 0.512 0.003 -0.211 -0.301 -0.350
0.0002 -1.89055 10.00000 0.8434305191 3.0896897316    0.837  1.960  3.7066  2.179    3  0.000  0.515     0.00     0.00 -1 -1.01e-10      0.00 7.493e-01 2.505e-01 3.304e-05 1.047e-05 8.551e-05 -1.000 2.001e-04 -0.130 1.540 0.410 -0.107 -0.324 -0.416 -0.467
0.0002 -1.89055 10.00000 0.8435107470 3.0897209644    0.837  2.002  3.7048  2.130    3  0.000  0.515     0.00     0.00 -1 -1.18e-10      0.00 7.493e-01 2.505e-01 3.304e-05 1.047e-05 8.551e-05 -1.000 2.000e-04 -0.235 1.462 0.315 -0.210 -0.431 -0.525 -0.577
0.0002 -1.89055 10.00000 0.8435845375 3.0897498131    0.837  2.044  3.7031  2.081    3  0.000  0.515     0.00     0.00 -1 -1.37e-10      0.00 7.493e-01 2.505e-01 3.304e-05 1.047e-05 8.551e-05 -1.000 2.001e-04 -0.339 1.384 0.220 -0.312 -0.537 -0.633 -0.686
0.0002 -1.89055 10.00000 0.8436543941 3.0897767544    0.836  2.086  3.7015  2.032    3  0.000  0.515     0.00     0.00 -1  -1.6e-10      0.00 7.493e-01 2.505e-01 3.304e-05 1.047e-05 8.551e-05 -1.000 2.000e-04 -0.445 1.305 0.125 -0.416 -0.644 -0.742 -0.796
0.0002 -1.89055 10.00000 0.8437158465 3.0898005962    0.836  2.126  3.6997  1.985    3  0.000  0.515     0.00     0.00 -1 -1.85e-10      0.00 7.493e-01 2.505e-01 3.304e-05 1.048e-05 8.551e-05 -1.000 2.000e-04 -0.545 1.233 0.035 -0.513 -0.745 -0.845 -0.901
0.0002 -1.89055 10.00000 0.8437750340 3.0898237228    0.836  2.166  3.6980  1.939    3  0.000  0.515     0.00     0.00 -1 -2.14e-10      0.00 7.493e-01 2.505e-01 3.304e-05 1.048e-05 8.551e-05 -1.000 2.000e-04 -0.644 1.163 -0.054 -0.611 -0.846 -0.948 -1.005
0.0002 -1.89055 10.00000 0.8438364863 3.0898475647    0.835  2.201  3.6966  1.897    3  0.000  0.515     0.00     0.00 -1 -2.44e-10      0.00 7.493e-01 2.505e-01 3.304e-05 1.048e-05 8.551e-05 -1.000 2.000e-04 -0.733 1.099 -0.134 -0.699 -0.937 -1.041 -1.099
0.0002 -1.89055 10.00000 0.8438914418 3.0898687840    0.835  2.228  3.6955  1.866    3  0.000  0.515     0.00     0.00 -1  -2.7e-10      0.00 7.493e-01 2.505e-01 3.304e-05 1.048e-05 8.552e-05 -1.000 2.000e-04 -0.799 1.054 -0.193 -0.763 -1.004 -1.109 -1.168
0.0002 -1.89055 10.00000 0.8439298272 3.0898838043    0.834  2.214  3.6964  1.883    3  0.000  0.515     0.00     0.00 -1 -2.59e-10      0.00 7.492e-01 2.506e-01 3.304e-05 1.048e-05 8.552e-05 -1.000 2.001e-04 -0.766 1.071 -0.166 -0.731 -0.970 -1.074 -1.132
0.0002 -1.89055 10.00000 0.8439349532 3.0898857117    0.834  2.212  3.6965  1.885    3  0.000  0.515     0.00     0.00 -1 -2.57e-10      0.00 7.492e-01 2.506e-01 3.304e-05 1.048e-05 8.552e-05 -1.000 2.001e-04 -0.761 1.074 -0.162 -0.727 -0.965 -1.069 -1.127
0.0002 -1.89055 10.00000 0.8439634442 3.0898969173    0.834  2.239  3.6953  1.853    3  0.000  0.515     0.00     0.00 -1 -2.82e-10      0.00 7.492e-01 2.506e-01 3.304e-05 1.048e-05 8.552e-05 -1.000 2.000e-04 -0.828 1.031 -0.220 -0.791 -1.032 -1.138 -1.197
0.0002 -1.89055 10.00000 0.8440066576 3.0899136066    0.833  2.281  3.6934  1.804    3  0.000  0.515     0.00     0.00 -1 -3.26e-10      0.00 7.492e-01 2.506e-01 3.304e-05 1.048e-05 8.552e-05 -1.000 2.001e-04 -0.932 0.967 -0.311 -0.892 -1.137 -1.245 -1.306
0.0002 -1.89055 10.00000 0.8440468907 3.0899291039    0.833  2.321  3.6916  1.756    3  0.000  0.515     0.00     0.00 -1 -3.78e-10      0.00 7.492e-01 2.506e-01 3.304e-05 1.048e-05 8.552e-05 -1.000 2.000e-04 -1.033 0.904 -0.399 -0.990 -1.240 -1.350 -1.412
0.0002 -1.89055 10.00000 0.8440839648 3.0899436474    0.832  2.361  3.6897  1.708    3  0.000  0.515     0.00     0.00 -1 -4.38e-10      0.00 7.492e-01 2.506e-01 3.304e-05 1.048e-05 8.552e-05 -1.000 2.001e-04 -1.132 0.846 -0.484 -1.086 -1.340 -1.452 -1.516
0.0002 -1.89055 10.00000 0.8441165686 3.0899562836    0.832  2.398  3.6880  1.664    3  0.000  0.515     0.00     0.00 -1 -5.02e-10      0.00 7.492e-01 2.506e-01 3.303e-05 1.048e-05 8.552e-05 -1.000 2.000e-04 -1.225 0.791 -0.564 -1.176 -1.434 -1.548 -1.614
0.0002 -1.89055 10.00000 0.8441483378 3.0899686813    0.831  2.437  3.6862  1.618    3  0.000  0.515     0.00     0.00 -1  -5.8e-10      0.00 7.492e-01 2.506e-01 3.303e-05 1.048e-05 8.552e-05 -1.000 2.001e-04 -1.322 0.735 -0.646 -1.269 -1.531 -1.648 -1.715
0.0002 -1.89055 10.00000 0.8441762328 3.0899794102    0.830  2.473  3.6844  1.574    3  0.000  0.515     0.00     0.00 -1 -6.63e-10      0.00 7.492e-01 2.506e-01 3.303e-05 1.049e-05 8.552e-05 -1.000 2.000e-04 -1.412 0.684 -0.722 -1.356 -1.623 -1.742 -1.810
0.0002 -1.89055 10.00000 0.8442032933 3.0899899006    0.830  2.510  3.6827  1.529    3  0.000  0.515     0.00     0.00 -1 -7.61e-10      0.00 7.492e-01 2.506e-01 3.303e-05 1.049e-05 8.552e-05 -1.000 2.000e-04 -1.506 0.629 -0.803 -1.447 -1.718 -1.839 -1.909
0.0002 -1.89055 10.00000 0.8442273736 3.0899991989    0.829  2.546  3.6809  1.486    3  0.000  0.515     0.00     0.00 -1 -8.68e-10      0.00 7.492e-01 2.506e-01 3.303e-05 1.049e-05 8.552e-05 -1.000 2.000e-04 -1.595 0.585 -0.876 -1.532 -1.807 -1.930 -2.002
0.0002 -1.89055 10.00000 0.8442553878 3.0900101662    0.828  2.590  3.6787  1.433    3  0.000  0.515     0.00     0.00 -1 -1.02e-09      0.00 7.492e-01 2.506e-01 3.303e-05 1.049e-05 8.552e-05 -1.000 2.000e-04 -1.704 0.539 -0.964 -1.636 -1.917 -2.043 -2.117
0.0002 -1.89055 10.00000 0.8442803621 3.0900197029    0.827  2.632  3.6766  1.382    3  0.000  0.515     0.00     0.00 -1  -1.2e-09      0.00 7.492e-01 2.506e-01 3.303e-05 1.049e-05 8.552e-05 -1.000 2.000e-04 -1.809 0.496 -1.048 -1.735 -2.022 -2.151 -2.227
0.0002 -1.89055 10.00000 0.8442998528 3.0900273323    0.826  2.667  3.6747  1.339    3  0.000  0.515     0.00     0.00 -1 -1.36e-09      0.00 7.492e-01 2.506e-01 3.303e-05 1.049e-05 8.552e-05 -1.000 2.000e-04 -1.897 0.464 -1.117 -1.818 -2.111 -2.242 -2.320
0.0002 -1.89055 10.00000 0.8443206549 3.0900354385    0.824  2.707  3.6727  1.290    3  0.000  0.515     0.00     0.00 -1 -1.58e-09      0.00 7.492e-01 2.506e-01 3.303e-05 1.049e-05 8.552e-05 -1.000 2.001e-04 -1.998 0.425 -1.196 -1.913 -2.211 -2.345 -2.425
0.0002 -1.89055 10.00000 0.8443373442 3.0900418758    0.823  2.741  3.6708  1.248    3  0.000  0.515     0.00     0.00 -1  -1.8e-09      0.00 7.492e-01 2.506e-01 3.303e-05 1.049e-05 8.552e-05 -1.000 2.000e-04 -2.083 0.397 -1.262 -1.994 -2.297 -2.434 -2.515
0.0002 -1.89055 10.00000 0.8443548679 3.0900487900    0.822  2.779  3.6688  1.201    3  0.000  0.515     0.00     0.00 -1 -2.07e-09      0.00 7.492e-01 2.506e-01 3.303e-05 1.049e-05 8.552e-05 -1.000 2.001e-04 -2.178 0.367 -1.335 -2.083 -2.392 -2.532 -2.615
0.0002 -1.89055 10.00000 0.8443716764 3.0900552273    0.820  2.818  3.6666  1.153    3  0.000  0.515     0.00     0.00 -1  -2.4e-09      0.00 7.492e-01 2.506e-01 3.303e-05 1.049e-05 8.552e-05 -1.000 2.000e-04 -2.275 0.342 -1.407 -2.174 -2.489 -2.632 -2.717
0.0002 -1.89055 10.00000 0.8443873525 3.0900611877    0.819  2.857  3.6644  1.104    3  0.000  0.515     0.00     0.00 -1 -2.77e-09      0.00 7.492e-01 2.506e-01 3.303e-05 1.049e-05 8.552e-05 -1.000 2.001e-04 -2.372 0.326 -1.476 -2.262 -2.585 -2.731 -2.818
0.0002 -1.89055 10.00000 0.8444009423 3.0900666714    0.817  2.892  3.6625  1.060    3  0.000  0.515     0.00     0.00 -1 -3.17e-09      0.00 7.492e-01 2.506e-01 3.303e-05 1.049e-05 8.552e-05 -1.000 2.001e-04 -2.461 0.310 -1.540 -2.344 -2.673 -2.823 -2.911
0.0002 -1.89055 10.00000 0.8444143534 3.0900716782    0.815  2.929  3.6604  1.013    3  0.000  0.515     0.00     0.00 -1 -3.64e-09      0.00 7.492e-01 2.506e-01 3.303e-05 1.049e-05 8.552e-05 -1.000 2.001e-04 -2.553 0.298 -1.605 -2.429 -2.765 -2.918 -3.009
0.0002 -1.89055 10.00000 0.8444259167 3.0900762081    0.814  2.963  3.6583  0.970    3  0.000  0.515     0.00     0.00 -1 -4.14e-09      0.00 7.492e-01 2.506e-01 3.303e-05 1.049e-05 8.552e-05 -1.000 2.000e-04 -2.638 0.295 -1.661 -2.506 -2.849 -3.005 -3.098
0.0002 -1.89055 10.00000 0.8444371819 3.0900804996    0.812  2.998  3.6564  0.927    3  0.000  0.515     0.00     0.00 -1 -4.73e-09      0.00 7.492e-01 2.506e-01 3.303e-05 1.049e-05 8.552e-05 -1.000 2.001e-04 -2.725 0.290 -1.719 -2.585 -2.936 -3.095 -3.190
0.0002 -1.89055 10.00000 0.8444476128 3.0900845528    0.809  3.032  3.6542  0.883    3  0.000  0.515     0.00     0.00 -1  -5.4e-09      0.00 7.492e-01 2.506e-01 3.303e-05 1.049e-05 8.552e-05 -1.000 2.000e-04 -2.811 0.298 -1.772 -2.662 -3.021 -3.184 -3.281
0.0002 -1.89055 10.00000 0.8444568515 3.0900881290    0.807  3.064  3.6524  0.842    3  0.000  0.515     0.00     0.00 -1 -6.09e-09      0.00 7.492e-01 2.506e-01 3.303e-05 1.049e-05 8.552e-05 -1.000 2.000e-04 -2.890 0.301 -1.821 -2.732 -3.098 -3.265 -3.364
0.0002 -1.89055 10.00000 0.8444657326 3.0900917053    0.805  3.096  3.6503  0.801    3  0.000  0.515     0.00     0.00 -1 -6.89e-09      0.00 7.492e-01 2.506e-01 3.303e-05 1.049e-05 8.552e-05 -1.000 2.000e-04 -2.971 0.318 -1.865 -2.800 -3.175 -3.346 -3.447
0.0002 -1.89055 10.00000 0.8444740772 3.0900948048    0.802  3.128  3.6483  0.760    3  0.000  0.515     0.00     0.00 -1 -7.77e-09      0.00 7.492e-01 2.506e-01 3.303e-05 1.049e-05 8.552e-05 -1.000 2.000e-04 -3.050 0.335 -1.909 -2.868 -3.250 -3.425 -3.529
0.0002 -1.89055 10.00000 0.8444816470 3.0900979042    0.800  3.158  3.6466  0.722    3  0.000  0.515     0.00     0.00 -1  -8.7e-09      0.00 7.492e-01 2.506e-01 3.303e-05 1.049e-05 8.552e-05 -1.000 2.000e-04 -3.124 0.349 -1.950 -2.932 -3.322 -3.500 -3.606
0.0002 -1.89055 10.00000 0.8444892168 3.0901007652    0.797  3.189  3.6446  0.681    3  0.000  0.515     0.00     0.00 -1 -9.83e-09      0.00 7.492e-01 2.506e-01 3.303e-05 1.049e-05 8.552e-05 -1.000 2.000e-04 -3.202 0.372 -1.991 -2.998 -3.397 -3.579 -3.687
0.0002 -1.89055 10.00000 0.8444959521 3.0901033878    0.794  3.218  3.6427  0.643    3  0.000  0.515     0.00     0.00 -1  -1.1e-08      0.00 7.492e-01 2.506e-01 3.303e-05 1.049e-05 8.552e-05 -1.000 2.001e-04 -3.274 0.394 -2.028 -3.058 -3.466 -3.652 -3.762
0.0002 -1.89055 10.00000 0.8445025086 3.0901060104    0.791  3.246  3.6410  0.607    3  0.000  0.515     0.00     0.00 -1 -1.23e-08      0.00 7.492e-01 2.506e-01 3.303e-05 1.049e-05 8.552e-05 -1.000 2.001e-04 -3.344 0.415 -2.063 -3.117 -3.533 -3.723 -3.834
0.0002 -1.89055 10.00000 0.8445079327 3.0901081562    0.788  3.267  3.6397  0.578    3  0.000  0.515     0.00     0.00 -1 -1.34e-08      0.00 7.492e-01 2.506e-01 3.303e-05 1.049e-05 8.552e-05 -1.000 2.000e-04 -3.399 0.433 -2.090 -3.163 -3.585 -3.778 -3.891
0.0002 -1.89055 10.00000 0.8445079327 3.0901081562    0.788  1.724  3.8050  2.783    4  0.000  0.530     0.00     0.00 -1    -1e-30      0.00 7.535e-01 2.463e-01 3.369e-05 9.536e-06 8.478e-05 -1.000 1.999e-04 0.461 1.436 0.613 0.439 0.399 0.408 0.416
0.0002 -1.89055 10.00000 0.8445640802 3.0901298523    0.788  1.745  3.7950  2.722    4  0.000  0.530     0.00     0.00 -1    -1e-30      0.00 7.535e-01 2.463e-01 3.369e-05 9.537e-06 8.479e-05 -1.000 2.001e-04 0.408 1.416 0.589 0.385 0.328 0.326 0.331
0.0002 -1.89055 10.00000 0.8446187973 3.0901510715    0.788  1.747  3.7950  2.719    4  0.000  0.530     0.00     0.00 -1    -1e-30      0.00 7.535e-01 2.463e-01 3.369e-05 9.537e-06 8.479e-05 -1.000 1.999e-04 0.402 1.411 0.584 0.379 0.322 0.321 0.325
0.0002 -1.89055 10.00000 0.8446753621 3.0901730061    0.788  1.748  3.7957  2.722    4  0.000  0.530     0.00     0.00 -1    -1e-30      0.00 7.535e-01 2.463e-01 3.369e-05 9.537e-06 8.479e-05 -1.000 2.000e-04 0.400 1.406 0.579 0.378 0.322 0.321 0.325
0.0002 -1.89055 10.00000 0.8447313905 3.0901947021    0.788  1.748  3.7968  2.726    4  0.000  0.530     0.00     0.00 -1    -1e-30      0.00 7.535e-01 2.463e-01 3.369e-05 9.538e-06 8.479e-05 -1.000 2.000e-04 0.399 1.401 0.575 0.376 0.322 0.322 0.328
0.0002 -1.89055 10.00000 0.8447878957 3.0902166367    0.788  1.749  3.7982  2.731    4  0.000  0.530     0.00     0.00 -1    -1e-30      0.00 7.534e-01 2.464e-01 3.369e-05 9.538e-06 8.479e-05 -1.000 2.000e-04 0.398 1.396 0.569 0.375 0.324 0.325 0.331
0.0002 -1.89055 10.00000 0.8448452353 3.0902388096    0.789  1.749  3.7999  2.738    4  0.000  0.530     0.00     0.00 -1    -1e-30      0.00 7.534e-01 2.464e-01 3.369e-05 9.539e-06 8.479e-05 -1.000 1.999e-04 0.398 1.390 0.564 0.375 0.327 0.330 0.336
0.0002 -1.89055 10.00000 0.8449019194 3.0902607441    0.789  1.749  3.8018  2.745    4  0.000  0.530     0.00     0.00 -1    -1e-30      0.00 7.534e-01 2.464e-01 3.369e-05 9.539e-06 8.479e-05 -1.000 2.000e-04 0.398 1.385 0.559 0.376 0.331 0.336 0.342
0.0002 -1.89055 10.00000 0.8449599147 3.0902831554    0.789  1.748  3.8038  2.754    4  0.000  0.530     0.00     0.00 -1    -1e-30      0.00 7.534e-01 2.464e-01 3.369e-05 9.540e-06 8.479e-05 -1.000 2.000e-04 0.399 1.379 0.553 0.376 0.335 0.342 0.349
0.0002 -1.89055 10.00000 0.8450168967 3.0903053284    0.789  1.748  3.8058  2.762    4  0.000  0.530     0.00     0.00 -1    -1e-30      0.00 7.534e-01 2.464e-01 3.369e-05 9.540e-06 8.479e-05 -1.000 1.999e-04 0.400 1.373 0.547 0.377 0.339 0.348 0.356
0.0002 -1.89055 10.00000 0.8450697660 3.0903255939    0.789  1.748  3.8074  2.769    4  0.000  0.530     0.00     0.00 -1    -1e-30      0.00 7.534e-01 2.464e-01 3.369e-05 9.540e-06 8.479e-05 -1.000 1.999e-04 0.400 1.368 0.543 0.377 0.342 0.353 0.362
0.0002 -1.89055 10.00000 0.8451290727 3.0903487206    0.789  1.748  3.8090  2.775    4  0.000  0.530     0.00     0.00 -1    -1e-30      0.00 7.534e-01 2.464e-01 3.369e-05 9.541e-06 8.479e-05 -1.000 2.001e-04 0.400 1.363 0.538 0.377 0.345 0.358 0.367
0.0002 -1.89055 10.00000 0.8451879025 3.0903713703    0.789  1.748  3.8102  2.780    4  0.000  0.530     0.00     0.00 -1    -1e-30      0.00 7.534e-01 2.464e-01 3.369e-05 9.541e-06 8.480e-05 -1.000 2.000e-04 0.400 1.359 0.534 0.377 0.348 0.361 0.371
0.0002 -1.89055 10.00000 0.8452451229 3.0903935432    0.789  1.748  3.8110  2.783    4  0.000  0.530     0.00     0.00 -1    -1e-30      0.00 7.534e-01 2.464e-01 3.369e-05 9.542e-06 8.480e-05 -1.000 1.999e-04 0.399 1.357 0.531 0.377 0.348 0.362 0.372
0.0002 -1.89055 10.00000 0.8453025222 3.0904157162    0.789  1.749  3.8113  2.784    4  0.000  0.530     0.00     0.00 -1    -1e-30      0.00 7.534e-01 2.464e-01 3.369e-05 9.542e-06 8.480e-05 -1.000 2.000e-04 0.398 1.355 0.529 0.376 0.348 0.362 0.372
0.0002 -1.89055 10.00000 0.8453089595 3.0904183388    0.789  1.749  3.8113  2.784    4  0.000  0.530     0.00     0.00 -1    -1e-30      0.00 7.534e-01 2.464e-01 3.369e-05 9.542e-06 8.480e-05 -1.000 2.000e-04 0.398 1.355 0.529 0.375 0.348 0.362 0.372
0.0002 -1.89055 10.00000 0.8453623056 3.0904388428    0.789  1.750  3.8108  2.781    4  0.000  0.530     0.00     0.00 -1    -1e-30      0.00 7.534e-01 2.464e-01 3.369e-05 9.543e-06 8.480e-05 -1.000 2.001e-04 0.396 1.354 0.529 0.373 0.345 0.359 0.368
0.0002 -1.89055 10.00000 0.8454204202 3.0904612541    0.789  1.751  3.8097  2.775    4  0.000  0.530     0.00     0.00 -1    -1e-30      0.00 7.534e-01 2.464e-01 3.369e-05 9.543e-06 8.480e-05 -1.000 1.999e-04 0.393 1.355 0.529 0.371 0.340 0.353 0.362
0.0002 -1.89055 10.00000 0.8454772234 3.0904834270    0.789  1.752  3.8080  2.767    4  0.000  0.530     0.00     0.00 -1    -1e-30      0.00 7.534e-01 2.464e-01 3.369e-05 9.543e-06 8.480e-05 -1.000 2.000e-04 0.390 1.356 0.531 0.367 0.333 0.344 0.353
0.0002 -1.89055 10.00000 0.8455312848 3.0905041695    0.789  1.754  3.8058  2.757    4  0.000  0.530     0.00     0.00 -1    -1e-30      0.00 7.534e-01 2.464e-01 3.369e-05 9.544e-06 8.480e-05 -1.000 2.000e-04 0.386 1.359 0.533 0.363 0.325 0.334 0.342
0.0002 -1.89055 10.00000 0.8455871940 3.0905258656    0.789  1.756  3.8028  2.743    4  0.000  0.530     0.00     0.00 -1    -1e-30      0.00 7.534e-01 2.464e-01 3.369e-05 9.544e-06 8.480e-05 -1.000 2.000e-04 0.381 1.364 0.537 0.358 0.315 0.321 0.328
0.0002 -1.89055 10.00000 0.8456466198 3.0905487537    0.789  1.758  3.7991  2.726    4  0.000  0.530     0.00     0.00 -1    -1e-30      0.00 7.534e-01 2.464e-01 3.369e-05 9.545e-06 8.480e-05 -1.000 2.000e-04 0.374 1.369 0.542 0.351 0.302 0.304 0.310
0.0002 -1.89055 10.00000 0.8457023501 3.0905704498    0.789  1.761  3.7952  2.707    4  0.000  0.530     0.00     0.00 -1    -1e-30      0.00 7.534e-01 2.464e-01 3.369e-05 9.545e-06 8.480e-05 -1.000 1.999e-04 0.367 1.376 0.547 0.344 0.288 0.286 0.291
0.0002 -1.89055 10.00000 0.8457282782 3.0905804634    0.790  1.762  3.7933  2.698    4  0.000  0.530     0.00     0.00 -1    -1e-30      0.00 7.534e-01 2.464e-01 3.369e-05 9.545e-06 8.480e-05 -1.000 2.000e-04 0.364 1.379 0.550 0.341 0.281 0.277 0.281
0.0002 -1.89055 10.00000 0.8457815051 3.0906009674    0.790  1.766  3.7892  2.679    4  0.000  0.530     0.00     0.00 -1    -1e-30      0.00 7.534e-01 2.464e-01 3.369e-05 9.546e-06 8.480e-05 -1.000 2.000e-04 0.356 1.387 0.555 0.333 0.266 0.259 0.260
0.0002 -1.89055 10.00000 0.8458378911 3.0906226635    0.790  1.769  3.7849  2.658    4  0.000  0.530     0.00     0.00 -1    -1e-30      0.00 7.534e-01 2.464e-01 3.369e-05 9.546e-06 8.481e-05 -1.000 2.000e-04 0.346 1.395 0.560 0.324 0.249 0.238 0.238
0.0002 -1.89055 10.00000 0.8458935618 3.0906443596    0.790  1.773  3.7811  2.638    4  0.000  0.530     0.00     0.00 -1    -1e-30      0.00 7.534e-01 2.464e-01 3.369e-05 9.546e-06 8.481e-05 -1.000 2.000e-04 0.337 1.401 0.562 0.314 0.233 0.218 0.216
0.0002 -1.89055 10.00000 0.8459505439 3.0906662941    0.790  1.778  3.7770  2.618    4  0.000  0.530     0.00     0.00 -1    -1e-30      0.00 7.534e-01 2.464e-01 3.369e-05 9.547e-06 8.481e-05 -1.000 2.000e-04 0.325 1.408 0.565 0.304 0.215 0.196 0.192
0.0002 -1.89055 10.00000 0.8460049033 3.0906872749    0.790  1.783  3.7737  2.600    4  0.000  0.530     0.00     0.00 -1    -1e-30      0.00 7.533e-01 2.465e-01 3.369e-05 9.547e-06 8.481e-05 -1.000 2.000e-04 0.313 1.413 0.564 0.293 0.198 0.176 0.170
0.0002 -1.89055 10.00000 0.8460592031 3.0907082558    0.790  1.787  3.7710  2.584    4  0.000  0.530     0.00     0.00 -1    -1e-30      0.00 7.533e-01 2.465e-01 3.369e-05 9.548e-06 8.481e-05 -1.000 2.000e-04 0.302 1.415 0.562 0.282 0.183 0.158 0.150
0.0002 -1.89055 10.00000 0.8461127877 3.0907289982    0.790  1.793  3.7680  2.566    4  0.000  0.530     0.00     0.00 -1    -1e-30      0.00 7.533e-01 2.465e-01 3.369e-05 9.548e-06 8.481e-05 -1.000 1.999e-04 0.287 1.416 0.558 0.268 0.164 0.136 0.127
0.0002 -1.89055 10.00000 0.8461672068 3.0907499790    0.790  1.800  3.7648  2.547    4  0.000  0.530     0.00     0.00 -1    -1e-30      0.00 7.533e-01 2.465e-01 3.369e-05 9.548e-06 8.481e-05 -1.000 2.000e-04 0.270 1.416 0.551 0.252 0.142 0.111 0.100
0.0002 -1.89055 10.00000 0.8462212086 3.0907707214    0.790  1.807  3.7619  2.528    4  0.000  0.530     0.00     0.00 -1    -1e-30      0.00 7.533e-01 2.465e-01 3.369e-05 9.549e-06 8.481e-05 -1.000 2.000e-04 0.251 1.414 0.543 0.235 0.119 0.085 0.073
0.0002 -1.89055 10.00000 0.8462566137 3.0907845497    0.790  1.805  3.7633  2.536    4  0.000  0.530     0.00     0.00 -1    -1e-30      0.00 7.533e-01 2.465e-01 3.369e-05 9.549e-06 8.481e-05 -1.000 2.000e-04 0.259 1.414 0.546 0.241 0.128 0.096 0.084
0.0002 -1.89055 10.00000 0.8463098407 3.0908050537    0.790  1.817  3.7586  2.505    4  0.000  0.530     0.00     0.00 -1    -1e-30      0.00 7.533e-01 2.465e-01 3.369e-05 9.550e-06 8.481e-05 -1.000 2.000e-04 0.227 1.410 0.531 0.211 0.090 0.053 0.038
0.0002 -1.89055 10.00000 0.8463648558 3.0908262730    0.790  1.834  3.7538  2.469    4  0.000  0.530     0.00     0.00 -1    -1e-30      0.00 7.533e-01 2.465e-01 3.369e-05 9.550e-06 8.481e-05 -1.000 1.999e-04 0.186 1.399 0.508 0.172 0.041 -0.000 -0.018
0.0002 -1.89055 10.00000 0.8464186788 3.0908470154    0.790  1.860  3.7475  2.417    4  0.000  0.530     0.00     0.00 -1    -1e-30      0.00 7.533e-01 2.465e-01 3.369e-05 9.550e-06 8.482e-05 -1.000 2.000e-04 0.119 1.378 0.465 0.108 -0.034 -0.082 -0.103
0.0002 -1.89055 10.00000 0.8464511633 3.0908596516    0.790  1.891  3.7412  2.362    4  0.000  0.530     0.00     0.00 -1    -1e-30      0.00 7.533e-01 2.465e-01 3.369e-05 9.551e-06 8.482e-05 -1.000 2.001e-04 0.042 1.348 0.413 0.033 -0.120 -0.174 -0.199
0.0002 -1.89055 10.00000 0.8464674950 3.0908658504    0.790  1.924  3.7354  2.305    4  0.000  0.530     0.00     0.00 -1    -1e-30      0.00 7.533e-01 2.465e-01 3.369e-05 9.551e-06 8.482e-05 -1.000 2.000e-04 -0.041 1.315 0.354 -0.047 -0.210 -0.270 -0.300
0.0002 -1.89055 10.00000 0.8464744091 3.0908684731    0.790  1.957  3.7303  2.252    4  0.000  0.530     0.00     0.00 -1    -1e-30      0.00 7.533e-01 2.465e-01 3.369e-05 9.551e-06 8.482e-05 -1.000 2.000e-04 -0.123 1.281 0.293 -0.126 -0.299 -0.365 -0.397
0.0002 -1.89055 10.00000 0.8464775681 3.0908696651    0.790  1.991  3.7259  2.201    4  0.000  0.530     0.00     0.00 -1    -1e-30      0.00 7.533e-01 2.465e-01 3.369e-05 9.551e-06 8.482e-05 -1.000 2.000e-04 -0.207 1.240 0.230 -0.207 -0.387 -0.458 -0.494
0.0002 -1.89055 10.00000 0.8464791775 3.0908703804    0.790  2.023  3.7223  2.154    4  0.000  0.530     0.00     0.00 -1    -1e-30      0.00 7.533e-01 2.465e-01 3.369e-05 9.551e-06 8.482e-05 -1.000 2.000e-04 -0.288 1.198 0.166 -0.285 -0.472 -0.547 -0.585
0.0002 -1.89055 10.00000 0.8464792967 3.0908703804    0.790  2.026  3.7221  2.150    7  0.000  0.530     0.00     0.00 -1    -1e-30      0.00 7.533e-01 2.465e-01 3.369e-05 9.551e-06 8.482e-05 -1.000 2.000e-04 -0.295 1.195 0.160 -0.292 -0.480 -0.554 -0.593
0.0002 -1.89055 10.00000 0.8464799523 3.0908706188    0.790  2.049  3.7200  2.119    7  0.000  0.530     0.00     0.00 -1    -1e-30      0.00 7.533e-01 2.465e-01 3.369e-05 9.551e-06 8.482e-05 -1.000 2.000e-04 -0.353 1.162 0.112 -0.348 -0.539 -0.616 -0.656
0.0002 -1.89055 10.00000 0.8464811444 3.0908710957    0.790  2.093  3.7165  2.061    7  0.000  0.530     0.00     0.00 -1    -1e-30      0.00 7.533e-01 2.465e-01 3.369e-05 9.551e-06 8.482e-05 -1.000 2.000e-04 -0.463 1.096 0.020 -0.455 -0.653 -0.734 -0.777
0.0002 -1.89055 10.00000 0.8464821577 3.0908715725    0.790  2.130  3.7139  2.014    7  0.000  0.530     0.00     0.00 -1    -1e-30      0.00 7.533e-01 2.465e-01 3.369e-05 9.551e-06 8.482e-05 -1.000 2.000e-04 -0.554 1.040 -0.057 -0.543 -0.746 -0.830 -0.875
0.0002 -1.89055 10.00000 0.8464832306 3.0908718109    0.790  2.162  3.7116  1.972    7  0.000  0.530     0.00     0.00 -1    -1e-30      0.00 7.533e-01 2.465e-01 3.369e-05 9.551e-06 8.482e-05 -1.000 2.000e-04 -0.635 0.989 -0.126 -0.623 -0.830 -0.916 -0.963
0.0002 -1.89055 10.00000 0.8464856148 3.0908727646    0.790  2.170  3.7113  1.963    7  0.000  0.530     0.00     0.00 -1    -1e-30      0.00 7.533e-01 2.465e-01 3.369e-05 9.551e-06 8.482e-05 -1.000 2.000e-04 -0.655 0.974 -0.144 -0.642 -0.850 -0.937 -0.984
0.0002 -1.89055 10.00000 0.8464876413 3.0908737183    0.790  2.158  3.7122  1.979    7  0.000  0.530     0.00     0.00 -1    -1e-30      0.00 7.533e-01 2.465e-01 3.369e-05 9.551e-06 8.482e-05 -1.000 2.000e-04 -0.625 0.991 -0.119 -0.613 -0.819 -0.905 -0.951
0.0002 -1.89055 10.00000 0.8464953303 3.0908765793    0.790  2.146  3.7130  1.994    7  0.000  0.530     0.00     0.00 -1    -1e-30      0.00 7.533e-01 2.465e-01 3.369e-05 9.551e-06 8.482e-05 -1.000 1.999e-04 -0.594 1.011 -0.092 -0.583 -0.788 -0.872 -0.918
0.0002 -1.89055 10.00000 0.8465281129 3.0908892155    0.790  2.172  3.7108  1.959    7  0.000  0.530     0.00     0.00 -1    -1e-30      0.00 7.533e-01 2.465e-01 3.369e-05 9.551e-06 8.482e-05 -1.000 2.000e-04 -0.660 0.975 -0.146 -0.646 -0.856 -0.943 -0.990
0.0002 -1.89055 10.00000 0.8465479016 3.0908968449    0.790  2.214  3.7078  1.905    7  0.000  0.530     0.00     0.00 -1    -1e-30      0.00 7.533e-01 2.465e-01 3.369e-05 9.551e-06 8.482e-05 -1.000 2.000e-04 -0.766 0.914 -0.236 -0.750 -0.965 -1.056 -1.105
0.0002 -1.89055 10.00000 0.8465633392 3.0909028053    0.790  2.253  3.7052  1.856    7  0.000  0.530     0.00     0.00 -1    -1e-30      0.00 7.533e-01 2.465e-01 3.369e-05 9.551e-06 8.482e-05 -1.000 2.000e-04 -0.863 0.858 -0.317 -0.843 -1.064 -1.158 -1.209
0.0002 -1.89055 10.00000 0.8465814590 3.0909097195    0.790  2.299  3.7023  1.798    7  0.000  0.530     0.00     0.00 -1    -1e-30      0.00 7.533e-01 2.465e-01 3.369e-05 9.552e-06 8.482e-05 -1.000 2.000e-04 -0.977 0.791 -0.413 -0.954 -1.181 -1.278 -1.331
0.0002 -1.89055 10.00000 0.8465988040 3.0909163952    0.790  2.342  3.6997  1.745    7  0.000  0.530     0.00     0.00 -1    -1e-30      0.00 7.533e-01 2.465e-01 3.368e-05 9.552e-06 8.482e-05 -1.000 2.000e-04 -1.085 0.726 -0.505 -1.058 -1.290 -1.391 -1.446
0.0002 -1.89055 10.00000 0.8466143608 3.0909225941    0.790  2.384  3.6972  1.693    7  0.000  0.529     0.00     0.00 -1    -1e-30      0.00 7.533e-01 2.465e-01 3.368e-05 9.553e-06 8.482e-05 -1.000 2.000e-04 -1.189 0.664 -0.593 -1.159 -1.397 -1.500 -1.558
0.0002 -1.89055 10.00000 0.8466281891 3.0909278393    0.791  2.425  3.6947  1.642    7  0.000  0.529     0.00     0.00 -1    -1e-30      0.00 7.533e-01 2.465e-01 3.364e-05 9.566e-06 8.482e-05 -1.000 1.999e-04 -1.292 0.607 -0.679 -1.257 -1.501 -1.607 -1.667
0.0002 -1.89055 10.00000 0.8466405869 3.0909326077    0.791  2.466  3.6924  1.592    7  0.000  0.527     0.00     0.00 -1    -1e-30      0.00 7.532e-01 2.466e-01 3.351e-05 9.646e-06 8.483e-05 -1.000 2.000e-04 -1.394 0.555 -0.763 -1.355 -1.604 -1.713 -1.775
0.0002 -1.89055 10.00000 0.8466517329 3.0909368992    0.791  2.506  3.6900  1.541    7  0.000  0.521     0.00     0.00 -1    -1e-30      0.00 7.531e-01 2.467e-01 3.314e-05 9.970e-06 8.485e-05 -1.000 2.000e-04 -1.496 0.504 -0.847 -1.453 -1.707 -1.820 -1.884
0.0002 -1.89055 10.00000 0.8466618657 3.0909407139    0.791  2.547  3.6876  1.491    7  0.000  0.510     0.00     0.00 -1    -1e-30      0.00 7.530e-01 2.468e-01 3.248e-05 1.069e-05 8.487e-05 -1.000 2.001e-04 -1.597 0.455 -0.930 -1.549 -1.810 -1.925 -1.991
0.0002 -1.89055 10.00000 0.8466710448 3.0909442902    0.791  2.587  3.6852  1.442    7  0.000  0.498     0.00     0.00 -1    -1e-30      0.00 7.528e-01 2.470e-01 3.168e-05 1.165e-05 8.489e-05 -1.000 1.933e-04 -1.698 0.409 -1.011 -1.646 -1.912 -2.030 -2.098
0.0002 -1.89055 10.00000 0.8466794491 3.0909476280    0.791  2.627  3.6829  1.392    7  0.000  0.486     0.00     0.00 -1    -1e-30      0.00 7.527e-01 2.471e-01 3.093e-05 1.257e-05 8.491e-05 -1.000 1.766e-04 -1.798 0.365 -1.091 -1.741 -2.013 -2.134 -2.204
0.0002 -1.89055 10.00000 0.8466873169 3.0909507275    0.791  2.667  3.6805  1.343    7  0.000  0.475     0.00     0.00 -1    -1e-30      0.00 7.525e-01 2.473e-01 3.026e-05 1.339e-05 8.492e-05 -1.000 1.783e-04 -1.897 0.329 -1.168 -1.834 -2.113 -2.237 -2.310
0.0002 -1.89055 10.00000 0.8466947675 3.0909535885    0.791  2.706  3.6781  1.294    7  0.000  0.466     0.00     0.00 -1    -1e-30      0.00 7.524e-01 2.475e-01 2.969e-05 1.410e-05 8.493e-05 -1.000 1.949e-04 -1.996 0.299 -1.243 -1.927 -2.212 -2.340 -2.414
0.0002 -1.89055 10.00000 0.8467020392 3.0909562111    0.791  2.746  3.6757  1.245    7  0.000  0.458     0.00     0.00 -1    -1e-30      0.00 7.522e-01 2.476e-01 2.920e-05 1.471e-05 8.494e-05 -1.000 1.609e-04 -2.095 0.271 -1.318 -2.020 -2.311 -2.442 -2.519
0.0002 -1.89055 10.00000 0.8467090726 3.0909590721    0.791  2.786  3.6732  1.194    7  0.000  0.451     0.00     0.00 -1    -1e-30      0.00 7.520e-01 2.478e-01 2.875e-05 1.526e-05 8.493e-05 -1.000 1.427e-04 -2.196 0.245 -1.393 -2.114 -2.412 -2.547 -2.626
0.0002 -1.89055 10.00000 0.8467154503 3.0909614563    0.791  2.827  3.6707  1.144    7  0.000  0.446     0.00     0.00 -1    -1e-30      0.00 7.518e-01 2.480e-01 2.837e-05 1.574e-05 8.490e-05 -1.000 1.991e-04 -2.297 0.221 -1.467 -2.208 -2.514 -2.652 -2.733
0.0002 -1.89055 10.00000 0.8467213511 3.0909638405    0.791  2.870  3.6679  1.090    7  0.000  0.440     0.00     0.00 -1    -1e-30      0.00 7.516e-01 2.482e-01 2.801e-05 1.619e-05 8.483e-05 -1.000 2.000e-04 -2.404 0.200 -1.545 -2.307 -2.621 -2.763 -2.847
0.0002 -1.89055 10.00000 0.8467265368 3.0909657478    0.791  2.914  3.6651  1.034    7  0.000  0.436     0.00     0.00 -1    -1e-30      0.00 7.514e-01 2.484e-01 2.770e-05 1.660e-05 8.473e-05 -1.000 2.000e-04 -2.515 0.192 -1.620 -2.408 -2.731 -2.877 -2.964
0.0002 -1.89055 10.00000 0.8467305899 3.0909674168    0.791  2.955  3.6624  0.983    7  0.000  0.433     0.00     0.00 -1    -1e-30      0.00 7.512e-01 2.486e-01 2.746e-05 1.696e-05 8.459e-05 -1.000 2.000e-04 -2.618 0.189 -1.687 -2.501 -2.832 -2.982 -3.072
0.0002 -1.89055 10.00000 0.8467339873 3.0909686089    0.791  2.992  3.6600  0.936    7  0.000  0.431     0.00     0.00 -1    -1e-30      0.00 7.510e-01 2.488e-01 2.728e-05 1.727e-05 8.444e-05 -1.000 2.000e-04 -2.709 0.194 -1.745 -2.583 -2.923 -3.077 -3.169
0.0002 -1.89055 10.00000 0.8467373252 3.0909698009    0.791  3.029  3.6574  0.888    7  0.000  0.429     0.00     0.00 -1    -1e-30      0.00 7.509e-01 2.489e-01 2.713e-05 1.756e-05 8.427e-05 -1.000 2.001e-04 -2.803 0.203 -1.803 -2.667 -3.016 -3.175 -3.269
0.0002 -1.89055 10.00000 0.8467403054 3.0909709930    0.791  3.083  3.6537  0.820    7  0.000  0.428     0.00     0.00 -1    -1e-30      0.00 7.507e-01 2.491e-01 2.702e-05 1.782e-05 8.411e-05 -1.000 1.999e-04 -2.938 0.226 -1.880 -2.785 -3.148 -3.314 -3.411
0.0002 -1.89055 10.00000 0.8467431068 3.0909721851    0.791  3.196  3.6454  0.673    7  0.000  0.427     0.00     0.00 -1    -1e-30      0.00 7.500e-01 2.498e-01 2.655e-05 1.940e-05 8.298e-05 -1.000 1.991e-04 -3.220 0.329 -2.019 -3.020 -3.417 -3.598 -3.705
0.0002 -1.89055 10.00000 0.8467432857 3.0909721851    0.791  3.205  3.6447  0.662    7  0.000  0.426     0.00     0.00 -1    -1e-30      0.00 7.500e-01 2.498e-01 2.652e-05 1.947e-05 8.293e-05 -1.000 1.989e-04 -3.242 0.339 -2.029 -3.038 -3.438 -3.620 -3.728
0.0002 -1.89055 10.00000 0.8467434645 3.0909721851    0.791  3.220  3.6436  0.643    7  0.000  0.426     0.00     0.00 -1    -1e-30      0.00 7.499e-01 2.499e-01 2.647e-05 1.966e-05 8.279e-05 -1.000 1.989e-04 -3.280 0.356 -2.046 -3.069 -3.474 -3.658 -3.767
0.0002 -1.89055 10.00000 0.8467437625 3.0909724236    0.791  3.244  3.6419  0.611    7  0.000  0.426     0.00     0.00 -1    -1e-30      0.00 7.497e-01 2.501e-01 2.638e-05 1.996e-05 8.258e-05 -1.000 1.992e-04 -3.340 0.385 -2.073 -3.118 -3.531 -3.719 -3.830
0.0002 -1.89055 10.00000 0.8467442989 3.0909726620    0.791  3.288  3.6386  0.554    7  0.000  0.425     0.00     0.00 -1    -1e-30      0.00 7.495e-01 2.503e-01 2.621e-05 2.051e-05 8.218e-05 -1.000 1.998e-04 -3.451 0.440 -2.120 -3.207 -3.635 -3.830 -3.945
0.0002 -1.89055 10.00000 0.8467444777 3.0909726620    0.791  3.300  3.6377  0.538    7  0.549  0.425     0.00     0.00 -1    -1e-30      0.00 7.494e-01 2.504e-01 2.616e-05 2.066e-05 8.207e-05 -1.000 1.999e-04 -3.481 0.455 -2.132 -3.230 -3.662 -3.859 -3.975
0.0002 -1.89055 10.00000 0.8467445970 3.0909726620    0.791  3.414  3.6091  0.310    8  0.549  0.390    87.44    43.30  1 -1.07e-06      0.00 7.290e-01 2.706e-01 6.375e-05 5.931e-05 2.177e-04 -1.000 3.690e-04 -3.766 1.423 -1.839 -3.267 -3.835 -4.096 -4.251
0.0002 -1.89055 10.00000 0.8467446566 3.0909726620    0.790  3.281  3.6183  0.479    8  0.549  0.390    60.73    31.58  1 -5.83e-07      0.00 7.290e-01 2.706e-01 6.375e-05 5.931e-05 2.177e-04 -1.000 3.690e-04 -3.433 1.257 -1.752 -3.039 -3.546 -3.780 -3.920
0.0002 -1.89055 10.00000 0.8467447162 3.0909726620    0.788  3.141  3.6310  0.669    8  0.549  0.390    40.30    22.14  1 -3.03e-07      0.00 7.290e-01 2.706e-01 6.375e-05 5.931e-05 2.177e-04 -1.000 3.690e-04 -3.083 0.980 -1.670 -2.796 -3.240 -3.446 -3.568
0.0002 -1.89055 10.00000 0.8467448950 3.0909729004    0.785  2.928  3.6504  0.958    8  0.549  0.390    21.60    12.89  1 -1.07e-07      0.00 7.290e-01 2.706e-01 6.375e-05 5.931e-05 2.177e-04 -1.000 3.690e-04 -2.550 0.634 -1.477 -2.384 -2.749 -2.917 -3.018
0.0002 -1.89055 10.00000 0.8467451334 3.0909729004    0.781  2.933  3.6498  0.949    8  0.549  0.390    22.05    13.09  1 -1.12e-07      0.00 7.290e-01 2.706e-01 6.375e-05 5.931e-05 2.177e-04 -1.000 3.690e-04 -2.562 0.645 -1.481 -2.393 -2.760 -2.930 -3.031
0.0002 -1.89055 10.00000 0.8467454314 3.0909731388    0.775  3.012  3.6425  0.837    8  0.550  0.390    28.06    16.07  1  -1.7e-07      0.00 7.290e-01 2.706e-01 6.375e-05 5.931e-05 2.177e-04 -1.000 3.690e-04 -2.761 0.767 -1.559 -2.550 -2.946 -3.129 -3.237
0.0002 -1.89055 10.00000 0.8467457891 3.0909731388    0.769  3.166  3.6283  0.623    8  0.550  0.390    44.51    23.85  1 -3.68e-07      0.00 7.290e-01 2.706e-01 6.375e-05 5.931e-05 2.177e-04 -1.000 3.691e-04 -3.145 1.056 -1.676 -2.837 -3.294 -3.506 -3.632
0.0002 -1.89055 10.00000 0.8467462659 3.0909733772    0.762  3.303  3.6157  0.431    8  0.550  0.390    67.38    33.97  1 -7.22e-07      0.00 7.290e-01 2.706e-01 6.375e-05 5.931e-05 2.177e-04 -1.000 3.690e-04 -3.487 1.346 -1.738 -3.065 -3.589 -3.830 -3.974
0.0002 -1.89055 10.00000 0.8467467427 3.0909736156    0.753  3.394  3.6071  0.301    8  0.551  0.390    89.34    43.10  1 -1.14e-06      0.00 7.290e-01 2.706e-01 6.375e-05 5.931e-05 2.177e-04 -1.000 3.690e-04 -3.716 1.546 -1.750 -3.198 -3.775 -4.040 -4.198
0.0002 -1.89055 10.00000 0.8467472792 3.0909738541    0.744  3.445  3.6023  0.226    8  0.551  0.390   105.18    49.30  1 -1.49e-06      0.00 7.290e-01 2.706e-01 6.375e-05 5.931e-05 2.177e-04 -1.000 3.690e-04 -3.842 1.660 -1.750 -3.265 -3.875 -4.154 -4.319
0.0002 -1.89055 10.00000 0.8467479348 3.0909740925    0.733  3.471  3.5997  0.184    8  0.552  0.390   115.36    52.97  1 -1.75e-06      0.00 7.290e-01 2.706e-01 6.375e-05 5.931e-05 2.177e-04 -1.000 3.690e-04 -3.907 1.728 -1.744 -3.297 -3.924 -4.212 -4.381
0.0002 -1.89055 10.00000 0.8467485905 3.0909743309    0.722  3.487  3.5980  0.154    8  0.552  0.390   123.18    55.55  0 -1.98e-06      0.00 7.290e-01 2.706e-01 6.375e-05 5.931e-05 2.177e-04 -1.000 3.690e-04 -3.947 1.779 -1.735 -3.315 -3.954 -4.247 -4.420
0.0002 -1.89055 10.00000 0.8467512131 3.0909752846    0.554 -9.999  4.0000  1.705    9  0.554  0.000     0.00     0.00 -1    -1e-30      0.00 7.290e-01 2.706e-01 6.375e-05 5.931e-05 2.177e-04 -1.000 3.690e-04 29.767 30.435 29.970 30.213 30.439 30.539 30.621
#isochrone terminated
