# File generated by CMD 3.8 (http://stev.oapd.inaf.it/cmd) on Fri Jan 23 16:50:28 UTC 2026
# isochrones based on PARSEC release v1.2S +  COLIBRI S_37 + S_35 + PR16
# Basic references: Bressan et al. (2012), MNRAS, 427, 127 + Chen et al. (2014, 2015), MNRAS, 444, 2525 + MNRAS, 452, 1068 + Tang et al. (2014), MNRAS, 445, 4287 + Marigo et al. (2017), ApJ, 835, 77 + Pastorelli al. (2019), MNRAS, 485, 5666 + Pastorelli al. (2020), MNRAS, in press
# Thermal pulse cycles included 
# On RGB, assumed Reimers mass loss with efficiency eta=0.2
# LPV periods and growth rates added cf. Trabucchi et al. (2019)
# but fundamental-mode LPV periods + transition are from Trabucchi et al. (2021)
# Photometric system: Euclid VIS+NISP (ABmags)
# Using OBC version of bolometric corrections as detailed in Marigo et al. (2008, A&A 482, 883) and Girardi et al. (2008, PASP 120, 583
# O-rich circumstellar dpmod60alox40 dust from Groenewegen (2006)
# C-rich circumstellar AMCSIC15 dust from Groenewegen (2006)
# IMF: Chabrier (2001) lognormal 
# Kind of output: isochrone tables
# Zini     MH   logAge Mini        int_IMF         Mass   logL    logTe  logg  label   McoreTP C_O  period0  period1  period2  period3  period4  pmode  Mloss  tau1m   X   Y   Xc  Xn  Xo  Cexcess  Z 	 mbolmag  VISmag  Ymag    Bluemag  Jmag    Redmag  Hmag
0.0001 -2.19174 10.07918 0.1000000015 1.5704020300    0.100 -2.780  3.5588  5.405    1  0.000  0.545     0.00     0.00     0.00     0.00     0.00 -1 -1.31e-16      0.00 7.453e-01 2.546e-01 1.798e-05 4.851e-06 4.400e-05 -1.000 1.000e-04 11.721 11.862 11.051 11.027 10.873 10.851 10.885
0.0001 -2.19174 10.07918 0.1098214313 1.6617936526    0.109 -2.632  3.5741  5.357    1  0.000  0.545     0.00     0.00     0.00     0.00     0.00 -1 -1.86e-16      0.00 7.435e-01 2.564e-01 1.798e-05 4.851e-06 4.400e-05 -1.000 1.000e-04 11.349 11.440 10.699 10.678 10.539 10.518 10.551
0.0001 -2.19174 10.07918 0.1294642836 1.8211319439    0.129 -2.390  3.5965  5.277    1  0.000  0.545     0.00     0.00     0.00     0.00     0.00 -1 -3.28e-16      0.00 7.405e-01 2.594e-01 1.798e-05 4.851e-06 4.400e-05 -1.000 1.000e-04 10.744 10.735 10.108 10.091 9.981 9.971 10.015
0.0001 -2.19174 10.07918 0.1491071582 1.9553364515    0.149 -2.227  3.6079  5.220    1  0.000  0.545     0.00     0.00     0.00     0.00     0.00 -1 -4.75e-16      0.00 7.387e-01 2.612e-01 1.798e-05 4.851e-06 4.400e-05 -1.000 9.990e-05 10.336 10.306 9.723 9.708 9.607 9.596 9.636
0.0001 -2.19174 10.07918 0.1687500030 2.0701541469    0.168 -2.100  3.6152  5.176    1  0.000  0.545     0.00     0.00     0.00     0.00     0.00 -1 -6.29e-16      0.00 7.378e-01 2.621e-01 1.798e-05 4.851e-06 4.400e-05 -1.000 9.990e-05 10.020 9.980 9.422 9.409 9.313 9.302 9.340
0.0001 -2.19174 10.07918 0.2080357224 2.2558510723    0.207 -1.896  3.6261  5.108    1  0.000  0.545     0.00     0.00     0.00     0.00     0.00 -1 -9.79e-16      0.00 7.374e-01 2.625e-01 1.798e-05 4.851e-06 4.400e-05 -1.000 9.999e-05 9.511 9.454 8.936 8.925 8.838 8.828 8.864
0.0001 -2.19174 10.07918 0.2571428716 2.4304642418    0.257 -1.708  3.6362  5.052    1  0.000  0.545     0.00     0.00     0.00     0.00     0.00 -1 -1.45e-15      0.00 7.377e-01 2.622e-01 1.798e-05 4.852e-06 4.400e-05 -1.000 9.996e-05 9.041 8.968 8.486 8.476 8.400 8.395 8.436
0.0001 -2.19174 10.07918 0.3062500358 2.5624903122    0.306 -1.563  3.6446  5.017    1  0.000  0.545     0.00     0.00     0.00     0.00     0.00 -1 -1.93e-15      0.00 7.377e-01 2.622e-01 1.797e-05 4.852e-06 4.400e-05 -1.000 9.996e-05 8.677 8.590 8.139 8.130 8.064 8.063 8.109
0.0001 -2.19174 10.07918 0.3553571403 2.6656370809    0.355 -1.440  3.6525  4.990    1  0.000  0.544     0.00     0.00     0.00     0.00     0.00 -1 -2.45e-15      0.00 7.387e-01 2.612e-01 1.796e-05 4.853e-06 4.400e-05 -1.000 1.000e-04 8.371 8.271 7.848 7.841 7.782 7.786 7.838
0.0001 -2.19174 10.07918 0.4044643044 2.7481539575    0.404 -1.319  3.6608  4.959    1  0.000  0.545     0.00     0.00     0.00     0.00     0.00 -1 -3.14e-15      0.00 7.500e-01 2.499e-01 1.798e-05 4.851e-06 4.400e-05 -1.000 9.996e-05 8.068 7.959 7.565 7.559 7.509 7.517 7.573
0.0001 -2.19174 10.07918 0.4535714388 2.8154466270    0.453 -1.173  3.6741  4.916    1  0.000  0.545     0.00     0.00     0.00     0.00     0.00 -1 -4.37e-15      0.00 7.507e-01 2.492e-01 1.798e-05 4.851e-06 4.400e-05 -1.000 9.999e-05 7.702 7.584 7.234 7.229 7.192 7.207 7.272
0.0001 -2.19174 10.07918 0.5026785731 2.8712790757    0.503 -1.009  3.6887  4.855    1  0.000  0.545     0.00     0.00     0.00     0.00     0.00 -1 -6.48e-15      0.00 7.526e-01 2.473e-01 1.786e-05 4.818e-06 4.370e-05 -1.000 1.000e-04 7.293 7.169 6.866 6.864 6.840 6.862 6.936
0.0001 -2.19174 10.07918 0.5517857671 2.9182067866    0.551 -0.809  3.7080  4.772    1  0.000  0.544     0.00     0.00     0.00     0.00     0.00 -1 -1.08e-14      0.00 7.851e-01 2.148e-01 1.566e-05 4.228e-06 3.837e-05 -1.000 9.948e-05 6.792 6.672 6.428 6.427 6.420 6.452 6.539
0.0001 -2.19174 10.07918 0.6008928418 2.9580702083    0.600 -0.603  3.7325  4.701    1  0.000  0.544     0.00     0.00     0.00     0.00     0.00 -1  -1.8e-14      0.00 7.980e-01 2.020e-01 1.482e-05 4.004e-06 3.635e-05 -1.000 5.256e-05 6.277 6.178 6.004 6.005 6.020 6.063 6.165
0.0001 -2.19174 10.07918 0.6072366834 2.9627886800    0.607 -0.575  3.7362  4.693    1  0.000  0.544     0.00     0.00     0.00     0.00     0.00 -1 -1.93e-14      0.00 8.001e-01 1.999e-01 1.469e-05 3.968e-06 3.603e-05 -1.000 1.489e-05 6.207 6.112 5.948 5.950 5.967 6.012 6.117
0.0001 -2.19174 10.07918 0.6183252931 2.9708233808    0.618 -0.525  3.7428  4.677    1  0.000  0.543     0.00     0.00     0.00     0.00     0.00 -1 -2.18e-14      0.00 8.038e-01 1.961e-01 1.444e-05 3.903e-06 3.544e-05 -1.000 1.000e-04 6.083 5.997 5.850 5.853 5.876 5.924 6.033
0.0001 -2.19174 10.07918 0.6282081604 2.9777655408    0.628 -0.480  3.7486  4.663    1  0.000  0.543     0.00     0.00     0.00     0.00     0.00 -1 -2.44e-14      0.00 8.074e-01 1.925e-01 1.421e-05 3.841e-06 3.489e-05 -1.000 5.597e-05 5.971 5.894 5.763 5.766 5.793 5.844 5.957
0.0001 -2.19174 10.07918 0.6378048062 2.9843154389    0.638 -0.437  3.7541  4.648    1  0.000  0.543     0.00     0.00     0.00     0.00     0.00 -1 -2.73e-14      0.00 8.111e-01 1.889e-01 1.398e-05 3.779e-06 3.433e-05 -1.000 2.368e-05 5.862 5.793 5.676 5.680 5.712 5.766 5.882
0.0001 -2.19174 10.07918 0.6491133571 2.9917931022    0.649 -0.385  3.7606  4.629    1  0.000  0.543     0.00     0.00     0.00     0.00     0.00 -1 -1.64e-14      0.00 8.156e-01 1.844e-01 1.369e-05 3.702e-06 3.363e-05 -1.000 5.880e-05 5.731 5.673 5.573 5.577 5.615 5.672 5.793
0.0001 -2.19174 10.07918 0.6499999762 2.9923687038    0.650 -0.380  3.7611  4.627    1  0.000  0.543     0.00     0.00     0.00     0.00     0.00 -1 -3.14e-14      0.00 8.159e-01 1.840e-01 1.367e-05 3.695e-06 3.358e-05 -1.000 1.000e-04 5.721 5.663 5.565 5.569 5.608 5.665 5.786
0.0001 -2.19174 10.07918 0.6585742235 2.9978576381    0.658 -0.340  3.7657  4.612    1  0.000  0.542     0.00     0.00     0.00     0.00     0.00 -1 -3.49e-14      0.00 8.203e-01 1.796e-01 1.338e-05 3.619e-06 3.290e-05 -1.000 1.000e-04 5.620 5.570 5.484 5.489 5.531 5.591 5.714
0.0001 -2.19174 10.07918 0.6688095927 3.0042312273    0.669 -0.291  3.7713  4.591    1  0.000  0.542     0.00     0.00     0.00     0.00     0.00 -1 -3.97e-14      0.00 8.259e-01 1.740e-01 1.302e-05 3.523e-06 3.204e-05 -1.000 1.001e-04 5.498 5.457 5.384 5.390 5.438 5.500 5.628
0.0001 -2.19174 10.07918 0.6785455346 3.0101207487    0.678 -0.243  3.7764  4.570    1  0.000  0.541     0.00     0.00     0.00     0.00     0.00 -1  -4.5e-14      0.00 8.316e-01 1.683e-01 1.265e-05 3.426e-06 3.116e-05 -1.000 9.993e-05 5.378 5.346 5.287 5.293 5.346 5.411 5.542
0.0001 -2.19174 10.07918 0.6878397465 3.0155921867    0.688 -0.196  3.7813  4.549    1  0.000  0.541     0.00     0.00     0.00     0.00     0.00 -1 -5.11e-14      0.00 8.374e-01 1.625e-01 1.228e-05 3.327e-06 3.027e-05 -1.000 9.997e-05 5.261 5.236 5.190 5.196 5.254 5.323 5.457
0.0001 -2.19174 10.07918 0.6960875988 3.0203289647    0.696 -0.153  3.7856  4.528    1  0.000  0.540     0.00     0.00     0.00     0.00     0.00 -1 -3.18e-15      0.00 8.429e-01 1.571e-01 1.193e-05 3.234e-06 2.943e-05 -1.000 3.627e-05 5.153 5.135 5.100 5.107 5.170 5.240 5.378
0.0001 -2.19174 10.07918 0.6999999881 3.0225380160    0.700 -0.132  3.7876  4.518    1  0.000  0.540     0.00     0.00     0.00     0.00     0.00 -1 -6.08e-14      0.00 8.456e-01 1.544e-01 1.176e-05 3.188e-06 2.902e-05 -1.000 9.090e-07 5.101 5.087 5.056 5.063 5.129 5.200 5.340
0.0001 -2.19174 10.07918 0.7090166807 3.0275390743    0.709 -0.082  3.7920  4.490    1  0.000  0.538     0.00     0.00     0.00     0.00     0.00 -1    -7e-14      0.00 8.505e-01 1.495e-01 1.145e-05 3.115e-06 2.838e-05 -1.000 1.347e-05 4.975 4.968 4.949 4.956 5.027 5.101 5.244
0.0001 -2.19174 10.07918 0.7175090313 3.0321378316    0.717 -0.032  3.7961  4.462    1  0.000  0.536     0.00     0.00     0.00     0.00     0.00 -1 -8.06e-14      0.00 8.545e-01 1.454e-01 1.122e-05 3.060e-06 2.791e-05 -1.000 6.422e-05 4.850 4.849 4.840 4.849 4.924 5.001 5.147
0.0001 -2.19174 10.07918 0.7258906364 3.0365742915    0.725  0.020  3.8001  4.431    1  0.000  0.534     0.00     0.00     0.00     0.00     0.00 -1 -9.36e-14      0.00 8.581e-01 1.419e-01 1.103e-05 3.016e-06 2.753e-05 -1.000 3.716e-05 4.720 4.724 4.726 4.735 4.816 4.895 5.045
0.0001 -2.19174 10.07918 0.7330866456 3.0403047112    0.733  0.067  3.8034  4.401    1  0.000  0.533     0.00     0.00     0.00     0.00     0.00 -1 -1.07e-13      0.00 8.608e-01 1.391e-01 1.089e-05 2.984e-06 2.726e-05 -1.000 4.674e-05 4.601 4.610 4.621 4.630 4.715 4.797 4.950
0.0001 -2.19174 10.07918 0.7400557995 3.0438504664    0.739  0.117  3.8065  4.368    1  0.000  0.531     0.00     0.00     0.00     0.00     0.00 -1 -8.97e-14      0.00 8.632e-01 1.367e-01 1.077e-05 2.957e-06 2.703e-05 -1.000 1.000e-04 4.478 4.491 4.510 4.520 4.609 4.694 4.849
0.0001 -2.19174 10.07918 0.7470233440 3.0473312661    0.746  0.170  3.8095  4.331    1  0.000  0.530     0.00     0.00     0.00     0.00     0.00 -1 -1.94e-14      0.00 8.654e-01 1.345e-01 1.066e-05 2.934e-06 2.683e-05 -1.000 1.000e-04 4.345 4.362 4.388 4.399 4.492 4.579 4.737
0.0001 -2.19174 10.07918 0.7500000000 3.0487992053    0.749  0.193  3.8108  4.314    1  0.000  0.529     0.00     0.00     0.00     0.00     0.00 -1 -1.57e-13      0.00 8.663e-01 1.336e-01 1.061e-05 2.925e-06 2.675e-05 -1.000 1.000e-04 4.286 4.304 4.334 4.345 4.440 4.528 4.686
0.0001 -2.19174 10.07918 0.7512725592 3.0494233268    0.751  0.204  3.8114  4.307    1  0.000  0.529     0.00     0.00     0.00     0.00     0.00 -1 -1.61e-13      0.00 8.663e-01 1.336e-01 1.062e-05 2.927e-06 2.677e-05 -1.000 1.000e-04 4.261 4.280 4.311 4.322 4.418 4.506 4.666
0.0001 -2.19174 10.07918 0.7593882084 3.0533558965    0.759  0.276  3.8149  4.254    1  0.000  0.529     0.00     0.00     0.00     0.00     0.00 -1 -2.01e-13      0.00 8.666e-01 1.334e-01 1.067e-05 2.941e-06 2.691e-05 -1.000 3.412e-06 4.081 4.103 4.144 4.155 4.257 4.348 4.510
0.0001 -2.19174 10.07918 0.7647736669 3.0559208322    0.764  0.328  3.8169  4.212    1  0.000  0.528     0.00     0.00     0.00     0.00     0.00 -1 -2.38e-13      0.00 8.666e-01 1.334e-01 1.070e-05 2.951e-06 2.701e-05 -1.000 9.060e-05 3.949 3.973 4.020 4.031 4.136 4.228 4.393
0.0001 -2.19174 10.07918 0.7698798180 3.0583206050    0.769  0.381  3.8184  4.168    1  0.000  0.528     0.00     0.00     0.00     0.00     0.00 -1 -2.81e-13      0.00 8.655e-01 1.344e-01 1.080e-05 2.978e-06 2.726e-05 -1.000 9.999e-05 3.817 3.842 3.894 3.905 4.012 4.106 4.272
0.0001 -2.19174 10.07918 0.7740544677 3.0602597831    0.773  0.428  3.8189  4.126    1  0.000  0.528     0.00     0.00     0.00     0.00     0.00 -1 -3.29e-13      0.00 8.642e-01 1.357e-01 1.091e-05 3.007e-06 2.753e-05 -1.000 1.000e-04 3.701 3.725 3.779 3.790 3.898 3.993 4.160
0.0001 -2.19174 10.07918 0.7755149603 3.0609334209    0.774  0.446  3.8185  4.107    1  0.000  0.528     0.00     0.00     0.00     0.00     0.00 -1 -3.51e-13      0.00 8.638e-01 1.361e-01 1.094e-05 3.017e-06 2.762e-05 -1.000 1.000e-04 3.654 3.678 3.730 3.741 3.849 3.944 4.110
0.0001 -2.19174 10.07918 0.7794836164 3.0627515620    0.778  0.501  3.8165  4.047    1  0.000  0.528     0.00     0.00     0.00     0.00     0.00 -1 -4.24e-13      0.00 8.626e-01 1.373e-01 1.104e-05 3.044e-06 2.787e-05 -1.000 1.000e-04 3.519 3.538 3.585 3.597 3.702 3.795 3.960
0.0001 -2.19174 10.07918 0.7822609544 3.0640132911    0.781  0.543  3.8136  3.994    1  0.000  0.528     0.00     0.00     0.00     0.00     0.00 -1 -4.96e-13      0.00 8.617e-01 1.382e-01 1.111e-05 3.063e-06 2.804e-05 -1.000 9.994e-05 3.412 3.427 3.467 3.478 3.579 3.671 3.833
0.0001 -2.19174 10.07918 0.7828532457 3.0642812428    0.781  0.553  3.8129  3.982    1  0.000  0.528     0.00     0.00     0.00     0.00     0.00 -1 -5.15e-13      0.00 8.616e-01 1.383e-01 1.112e-05 3.067e-06 2.808e-05 -1.000 1.000e-04 3.388 3.402 3.440 3.451 3.551 3.642 3.804
0.0001 -2.19174 10.07918 0.7834342718 3.0645437165    0.782  0.564  3.8115  3.966    1  0.000  0.528     0.00     0.00     0.00     0.00     0.00 -1 -5.37e-13      0.00 8.614e-01 1.385e-01 1.114e-05 3.071e-06 2.811e-05 -1.000 9.999e-05 3.360 3.372 3.407 3.417 3.516 3.606 3.767
0.0001 -2.19174 10.07918 0.7853887677 3.0654238801    0.784  0.604  3.8057  3.903    2  0.000  0.528     0.00     0.00     0.00     0.00     0.00 -1 -6.32e-13      0.00 8.608e-01 1.391e-01 1.119e-05 3.084e-06 2.823e-05 -1.000 9.994e-05 3.260 3.263 3.282 3.293 3.383 3.469 3.625
0.0001 -2.19174 10.07918 0.7868847847 3.0660947136    0.785  0.640  3.7986  3.840    2  0.000  0.528     0.00     0.00     0.00     0.00     0.00 -1 -7.37e-13      0.00 8.604e-01 1.395e-01 1.122e-05 3.094e-06 2.833e-05 -1.000 9.996e-05 3.171 3.164 3.165 3.174 3.255 3.336 3.486
0.0001 -2.19174 10.07918 0.7880567312 3.0666185047    0.786  0.672  3.7902  3.774    2  0.000  0.528     0.00     0.00     0.00     0.00     0.00 -1 -8.57e-13      0.00 8.600e-01 1.399e-01 1.125e-05 3.102e-06 2.840e-05 -1.000 9.811e-05 3.089 3.072 3.050 3.058 3.128 3.202 3.345
0.0001 -2.19174 10.07918 0.7890018225 3.0670398061    0.787  0.702  3.7811  3.708    2  0.000  0.528     0.00     0.00     0.00     0.00     0.00 -1  -9.9e-13      0.00 8.564e-01 1.436e-01 1.150e-05 3.170e-06 2.902e-05 -1.000 4.868e-05 3.014 2.986 2.940 2.946 3.003 3.071 3.206
0.0001 -2.19174 10.07918 0.7897948027 3.0673925453    0.788  0.731  3.7722  3.645    2  0.000  0.530     0.00     0.00     0.00     0.00     0.00 -1 -1.14e-12      0.00 8.391e-01 1.608e-01 1.253e-05 3.449e-06 3.152e-05 -1.000 2.539e-05 2.943 2.904 2.835 2.840 2.885 2.946 3.074
0.0001 -2.19174 10.07918 0.7904944420 3.0677031943    0.789  0.761  3.7641  3.583    2  0.000  0.533     0.00     0.00     0.00     0.00     0.00 -1 -1.31e-12      0.00 8.120e-01 1.879e-01 1.411e-05 3.872e-06 3.531e-05 -1.000 5.311e-05 2.869 2.821 2.730 2.734 2.768 2.824 2.944
0.0001 -2.19174 10.07918 0.7911152244 3.0679783837    0.789  0.793  3.7572  3.523    2  0.000  0.535     0.00     0.00     0.00     0.00     0.00 -1 -1.51e-12      0.00 7.927e-01 2.073e-01 1.524e-05 4.174e-06 3.800e-05 -1.000 9.003e-05 2.787 2.733 2.622 2.625 2.650 2.700 2.814
0.0001 -2.19174 10.07918 0.7917300463 3.0682505185    0.790  0.834  3.7510  3.457    2  0.000  0.536     0.00     0.00     0.00     0.00     0.00 -1 -1.78e-12      0.00 7.810e-01 2.189e-01 1.592e-05 4.356e-06 3.963e-05 -1.000 1.001e-04 2.685 2.624 2.496 2.498 2.515 2.560 2.669
0.0001 -2.19174 10.07918 0.7922153473 3.0684650351    0.790  0.874  3.7470  3.402    2  0.000  0.536     0.00     0.00     0.00     0.00     0.00 -1 -2.08e-12      0.00 7.756e-01 2.243e-01 1.624e-05 4.441e-06 4.039e-05 -1.000 1.000e-04 2.585 2.520 2.381 2.383 2.394 2.437 2.543
0.0001 -2.19174 10.07918 0.7925471067 3.0686115354    0.791  0.904  3.7446  3.362    2  0.000  0.536     0.00     0.00     0.00     0.00     0.00 -1 -2.34e-12      0.00 7.728e-01 2.271e-01 1.640e-05 4.484e-06 4.077e-05 -1.000 1.000e-04 2.510 2.443 2.297 2.298 2.306 2.347 2.451
0.0001 -2.19174 10.07918 0.7928423285 3.0687418013    0.791  0.934  3.7430  3.326    3  0.000  0.537     0.00     0.00     0.00     0.00     0.00 -1 -2.61e-12      0.00 7.710e-01 2.289e-01 1.650e-05 4.509e-06 4.100e-05 -1.000 1.001e-04 2.434 2.365 2.215 2.216 2.222 2.262 2.364
0.0001 -2.19174 10.07918 0.7932294011 3.0689124537    0.791  0.976  3.7409  3.276    3  0.000  0.537     0.00     0.00     0.00     0.00     0.00 -1 -3.04e-12      0.00 7.690e-01 2.310e-01 1.660e-05 4.538e-06 4.125e-05 -1.000 6.101e-05 2.331 2.260 2.104 2.105 2.108 2.146 2.246
0.0001 -2.19174 10.07918 0.7936193347 3.0690842042    0.792  1.020  3.7390  3.225    3  0.000  0.537     0.00     0.00     0.00     0.00     0.00 -1 -3.57e-12      0.00 7.671e-01 2.329e-01 1.669e-05 4.562e-06 4.146e-05 -1.000 3.588e-05 2.221 2.148 1.986 1.987 1.987 2.024 2.123
0.0001 -2.19174 10.07918 0.7939928174 3.0692485554    0.792  1.065  3.7374  3.174    3  0.000  0.537     0.00     0.00     0.00     0.00     0.00 -1  -4.2e-12      0.00 7.654e-01 2.346e-01 1.676e-05 4.581e-06 4.164e-05 -1.000 9.646e-05 2.109 2.035 1.868 1.869 1.867 1.902 1.999
0.0001 -2.19174 10.07918 0.7943897247 3.0694230266    0.792  1.115  3.7356  3.116    3  0.000  0.537     0.00     0.00     0.00     0.00     0.00 -1 -5.04e-12      0.00 7.637e-01 2.362e-01 1.683e-05 4.599e-06 4.180e-05 -1.000 9.997e-05 1.982 1.906 1.735 1.735 1.731 1.765 1.860
0.0001 -2.19174 10.07918 0.7947227955 3.0695693216    0.792  1.161  3.7341  3.065    3  0.000  0.537     0.00     0.00     0.00     0.00     0.00 -1 -5.94e-12      0.00 7.624e-01 2.375e-01 1.687e-05 4.611e-06 4.191e-05 -1.000 1.000e-04 1.868 1.791 1.616 1.616 1.609 1.642 1.736
0.0001 -2.19174 10.07918 0.7950597405 3.0697171906    0.793  1.211  3.7326  3.009    3  0.000  0.537     0.00     0.00     0.00     0.00     0.00 -1  -7.1e-12      0.00 7.611e-01 2.388e-01 1.691e-05 4.623e-06 4.200e-05 -1.000 5.375e-05 1.743 1.666 1.486 1.485 1.477 1.508 1.600
0.0001 -2.19174 10.07918 0.7953903079 3.0698621360    0.793  1.264  3.7309  2.949    3  0.000  0.537     0.00     0.00     0.00     0.00     0.00 -1 -8.59e-12      0.00 7.598e-01 2.401e-01 1.694e-05 4.634e-06 4.209e-05 -1.000 6.506e-05 1.611 1.531 1.347 1.346 1.335 1.365 1.456
0.0001 -2.19174 10.07918 0.7956570983 3.0699790268    0.793  1.311  3.7295  2.896    3  0.000  0.536     0.00     0.00     0.00     0.00     0.00 -1 -1.02e-11      0.00 7.588e-01 2.411e-01 1.696e-05 4.642e-06 4.215e-05 -1.000 9.477e-05 1.493 1.412 1.224 1.223 1.210 1.238 1.328
0.0001 -2.19174 10.07918 0.7959144711 3.0700917154    0.793  1.360  3.7280  2.841    3  0.000  0.536     0.00     0.00     0.00     0.00     0.00 -1 -1.21e-11      0.00 7.579e-01 2.420e-01 1.697e-05 4.651e-06 4.221e-05 -1.000 9.994e-05 1.371 1.288 1.095 1.094 1.079 1.107 1.195
0.0001 -2.19174 10.07918 0.7961456180 3.0701928574    0.793  1.408  3.7265  2.787    3  0.000  0.535     0.00     0.00     0.00     0.00     0.00 -1 -1.44e-11      0.00 7.571e-01 2.428e-01 1.696e-05 4.661e-06 4.225e-05 -1.000 9.999e-05 1.251 1.167 0.969 0.968 0.951 0.977 1.064
0.0001 -2.19174 10.07918 0.7963551283 3.0702844801    0.793  1.455  3.7249  2.734    3  0.000  0.535     0.00     0.00     0.00     0.00     0.00 -1 -1.71e-11      0.00 7.565e-01 2.434e-01 1.696e-05 4.671e-06 4.228e-05 -1.000 1.000e-04 1.132 1.046 0.845 0.843 0.824 0.849 0.934
0.0001 -2.19174 10.07918 0.7965425253 3.0703663903    0.793  1.502  3.7235  2.681    3  0.000  0.534     0.00     0.00     0.00     0.00     0.00 -1 -2.03e-11      0.00 7.559e-01 2.440e-01 1.695e-05 4.681e-06 4.231e-05 -1.000 1.000e-04 1.015 0.928 0.722 0.720 0.699 0.723 0.807
0.0001 -2.19174 10.07918 0.7967199087 3.0704438873    0.793  1.551  3.7219  2.626    3  0.000  0.533     0.00     0.00     0.00     0.00     0.00 -1 -2.41e-11      0.00 7.555e-01 2.444e-01 1.693e-05 4.692e-06 4.233e-05 -1.000 1.000e-04 0.893 0.806 0.595 0.593 0.569 0.592 0.675
0.0001 -2.19174 10.07918 0.7968773842 3.0705126571    0.793  1.598  3.7203  2.573    3  0.000  0.533     0.00     0.00     0.00     0.00     0.00 -1 -2.86e-11      0.00 7.552e-01 2.447e-01 1.692e-05 4.702e-06 4.235e-05 -1.000 9.994e-05 0.776 0.688 0.472 0.469 0.443 0.465 0.546
0.0001 -2.19174 10.07918 0.7970173359 3.0705737509    0.793  1.643  3.7188  2.521    3  0.000  0.532     0.00     0.00     0.00     0.00     0.00 -1 -3.37e-11      0.00 7.550e-01 2.449e-01 1.691e-05 4.710e-06 4.235e-05 -1.000 1.000e-04 0.661 0.573 0.352 0.349 0.321 0.341 0.421
0.0001 -2.19174 10.07918 0.7971441150 3.0706290754    0.793  1.689  3.7173  2.470    3  0.000  0.532     0.00     0.00     0.00     0.00     0.00 -1 -3.97e-11      0.00 7.548e-01 2.451e-01 1.690e-05 4.715e-06 4.236e-05 -1.000 9.450e-05 0.549 0.459 0.234 0.231 0.200 0.219 0.297
0.0001 -2.19174 10.07918 0.7972629666 3.0706809241    0.793  1.735  3.7157  2.417    3  0.000  0.532     0.00     0.00     0.00     0.00     0.00 -1 -4.69e-11      0.00 7.547e-01 2.452e-01 1.690e-05 4.718e-06 4.237e-05 -1.000 1.000e-04 0.434 0.343 0.112 0.109 0.077 0.094 0.171
0.0001 -2.19174 10.07918 0.7973679304 3.0707267010    0.792  1.779  3.7141  2.366    3  0.000  0.532     0.00     0.00     0.00     0.00     0.00 -1 -5.51e-11      0.00 7.547e-01 2.452e-01 1.690e-05 4.719e-06 4.237e-05 -1.000 1.001e-04 0.322 0.231 -0.005 -0.008 -0.043 -0.027 0.048
0.0001 -2.19174 10.07918 0.7974649072 3.0707689837    0.792  1.824  3.7125  2.315    3  0.000  0.532     0.00     0.00     0.00     0.00     0.00 -1 -6.47e-11      0.00 7.547e-01 2.452e-01 1.690e-05 4.719e-06 4.237e-05 -1.000 1.001e-04 0.211 0.118 -0.122 -0.126 -0.163 -0.148 -0.074
0.0001 -2.19174 10.07918 0.7975539565 3.0708078007    0.792  1.868  3.7109  2.264    3  0.000  0.532     0.00     0.00     0.00     0.00     0.00 -1 -7.61e-11      0.00 7.547e-01 2.452e-01 1.690e-05 4.719e-06 4.237e-05 -1.000 1.001e-04 0.100 0.006 -0.239 -0.243 -0.282 -0.268 -0.196
0.0001 -2.19174 10.07918 0.7976330519 3.0708422713    0.792  1.911  3.7093  2.215    3  0.000  0.532     0.00     0.00     0.00     0.00     0.00 -1 -8.88e-11      0.00 7.547e-01 2.452e-01 1.690e-05 4.719e-06 4.237e-05 -1.000 1.000e-04 -0.006 -0.101 -0.351 -0.355 -0.397 -0.385 -0.314
0.0001 -2.19174 10.07918 0.7977061272 3.0708741120    0.792  1.953  3.7078  2.167    3  0.000  0.532     0.00     0.00     0.00     0.00     0.00 -1 -1.04e-10      0.00 7.547e-01 2.452e-01 1.690e-05 4.719e-06 4.237e-05 -1.000 1.000e-04 -0.113 -0.208 -0.463 -0.467 -0.511 -0.500 -0.431
0.0001 -2.19174 10.07918 0.7977763414 3.0709047005    0.791  1.997  3.7061  2.116    3  0.000  0.532     0.00     0.00     0.00     0.00     0.00 -1 -1.22e-10      0.00 7.547e-01 2.452e-01 1.690e-05 4.720e-06 4.237e-05 -1.000 1.000e-04 -0.223 -0.319 -0.580 -0.584 -0.630 -0.621 -0.553
0.0001 -2.19174 10.07918 0.7978364825 3.0709308963    0.791  2.038  3.7045  2.068    3  0.000  0.532     0.00     0.00     0.00     0.00     0.00 -1 -1.41e-10      0.00 7.547e-01 2.452e-01 1.690e-05 4.720e-06 4.237e-05 -1.000 9.999e-05 -0.325 -0.422 -0.688 -0.692 -0.741 -0.733 -0.667
0.0001 -2.19174 10.07918 0.7978920341 3.0709550894    0.790  2.079  3.7030  2.021    3  0.000  0.532     0.00     0.00     0.00     0.00     0.00 -1 -1.64e-10      0.00 7.547e-01 2.452e-01 1.690e-05 4.720e-06 4.237e-05 -1.000 1.001e-04 -0.428 -0.524 -0.795 -0.800 -0.851 -0.845 -0.780
0.0001 -2.19174 10.07918 0.7979452014 3.0709782409    0.790  2.121  3.7014  1.972    3  0.000  0.532     0.00     0.00     0.00     0.00     0.00 -1 -1.91e-10      0.00 7.547e-01 2.452e-01 1.690e-05 4.720e-06 4.237e-05 -1.000 1.000e-04 -0.533 -0.630 -0.906 -0.912 -0.965 -0.960 -0.897
0.0001 -2.19174 10.07918 0.7979915142 3.0709984050    0.790  2.161  3.6998  1.925    3  0.000  0.532     0.00     0.00     0.00     0.00     0.00 -1 -2.21e-10      0.00 7.547e-01 2.452e-01 1.690e-05 4.720e-06 4.237e-05 -1.000 1.001e-04 -0.632 -0.730 -1.012 -1.017 -1.073 -1.069 -1.008
0.0001 -2.19174 10.07918 0.7980349660 3.0710173214    0.789  2.200  3.6982  1.880    3  0.000  0.532     0.00     0.00     0.00     0.00     0.00 -1 -2.55e-10      0.00 7.547e-01 2.452e-01 1.690e-05 4.720e-06 4.237e-05 -1.000 1.000e-04 -0.731 -0.829 -1.116 -1.122 -1.180 -1.177 -1.117
0.0001 -2.19174 10.07918 0.7980801463 3.0710369879    0.788  2.238  3.6968  1.836    3  0.000  0.532     0.00     0.00     0.00     0.00     0.00 -1 -2.93e-10      0.00 7.547e-01 2.452e-01 1.690e-05 4.720e-06 4.237e-05 -1.000 1.001e-04 -0.824 -0.923 -1.215 -1.221 -1.280 -1.279 -1.220
0.0001 -2.19174 10.07918 0.7981302142 3.0710587794    0.788  2.268  3.6956  1.800    3  0.000  0.532     0.00     0.00     0.00     0.00     0.00 -1 -3.29e-10      0.00 7.547e-01 2.452e-01 1.690e-05 4.720e-06 4.237e-05 -1.000 9.999e-05 -0.901 -1.000 -1.296 -1.302 -1.364 -1.364 -1.306
0.0001 -2.19174 10.07918 0.7981535792 3.0710689478    0.787  2.263  3.6960  1.807    3  0.000  0.532     0.00     0.00     0.00     0.00     0.00 -1 -3.25e-10      0.00 7.547e-01 2.452e-01 1.690e-05 4.720e-06 4.237e-05 -1.000 1.000e-04 -0.887 -0.987 -1.281 -1.287 -1.348 -1.347 -1.289
0.0001 -2.19174 10.07918 0.7981594205 3.0710714898    0.787  2.270  3.6957  1.799    3  0.000  0.532     0.00     0.00     0.00     0.00     0.00 -1 -3.32e-10      0.00 7.547e-01 2.452e-01 1.690e-05 4.720e-06 4.237e-05 -1.000 1.000e-04 -0.904 -1.004 -1.299 -1.305 -1.366 -1.366 -1.308
0.0001 -2.19174 10.07918 0.7981916666 3.0710855220    0.787  2.310  3.6940  1.752    3  0.000  0.532     0.00     0.00     0.00     0.00     0.00 -1 -3.81e-10      0.00 7.547e-01 2.452e-01 1.690e-05 4.720e-06 4.237e-05 -1.000 1.001e-04 -1.004 -1.104 -1.405 -1.411 -1.475 -1.476 -1.420
0.0001 -2.19174 10.07918 0.7982242703 3.0710997086    0.786  2.352  3.6924  1.703    3  0.000  0.532     0.00     0.00     0.00     0.00     0.00 -1 -4.45e-10      0.00 7.547e-01 2.452e-01 1.690e-05 4.720e-06 4.237e-05 -1.000 1.000e-04 -1.111 -1.210 -1.517 -1.524 -1.590 -1.593 -1.538
0.0001 -2.19174 10.07918 0.7982519865 3.0711117676    0.785  2.391  3.6907  1.657    3  0.000  0.532     0.00     0.00     0.00     0.00     0.00 -1 -5.13e-10      0.00 7.546e-01 2.453e-01 1.690e-05 4.721e-06 4.237e-05 -1.000 9.997e-05 -1.207 -1.306 -1.619 -1.626 -1.695 -1.699 -1.646
0.0001 -2.19174 10.07918 0.7982791662 3.0711235924    0.785  2.431  3.6889  1.609    3  0.000  0.532     0.00     0.00     0.00     0.00     0.00 -1 -5.95e-10      0.00 7.546e-01 2.453e-01 1.690e-05 4.721e-06 4.237e-05 -1.000 1.000e-04 -1.308 -1.407 -1.727 -1.734 -1.805 -1.811 -1.760
0.0001 -2.19174 10.07918 0.7983045578 3.0711346384    0.784  2.472  3.6873  1.562    3  0.000  0.532     0.00     0.00     0.00     0.00     0.00 -1  -6.9e-10      0.00 7.546e-01 2.453e-01 1.690e-05 4.721e-06 4.238e-05 -1.000 9.999e-05 -1.409 -1.508 -1.834 -1.841 -1.915 -1.922 -1.873
0.0001 -2.19174 10.07918 0.7983267903 3.0711443096    0.783  2.510  3.6856  1.516    3  0.000  0.532     6.42     5.16     3.67     2.84     2.29  3 -7.94e-10      0.00 7.546e-01 2.453e-01 1.690e-05 4.721e-06 4.238e-05 -1.000 1.000e-04 -1.504 -1.603 -1.934 -1.942 -2.019 -2.027 -1.979
0.0001 -2.19174 10.07918 0.7983488441 3.0711539025    0.782  2.550  3.6837  1.468    3  0.000  0.532     7.11     5.62     3.99     3.08     2.49  3 -9.21e-10      0.00 7.546e-01 2.453e-01 1.690e-05 4.721e-06 4.238e-05 -1.000 1.001e-04 -1.604 -1.703 -2.041 -2.049 -2.129 -2.139 -2.092
0.0001 -2.19174 10.07918 0.7983683944 3.0711624060    0.781  2.588  3.6821  1.423    3  0.000  0.532     7.82     6.09     4.31     3.34     2.70  3 -1.06e-09      0.00 7.546e-01 2.453e-01 1.690e-05 4.721e-06 4.238e-05 -1.000 1.000e-04 -1.699 -1.797 -2.142 -2.150 -2.232 -2.244 -2.199
0.0001 -2.19174 10.07918 0.7983866334 3.0711703388    0.780  2.625  3.6804  1.378    3  0.000  0.532     8.60     6.61     4.65     3.61     2.92  3 -1.22e-09      0.00 7.546e-01 2.453e-01 1.690e-05 4.721e-06 4.238e-05 -1.000 9.997e-05 -1.793 -1.891 -2.242 -2.250 -2.335 -2.348 -2.305
0.0001 -2.19174 10.07918 0.7984039783 3.0711778823    0.779  2.664  3.6786  1.332    3  0.000  0.532     9.48     7.18     5.04     3.91     3.17  3  -1.4e-09      0.00 7.546e-01 2.453e-01 1.690e-05 4.721e-06 4.238e-05 -1.000 1.000e-04 -1.889 -1.986 -2.344 -2.352 -2.440 -2.455 -2.413
0.0001 -2.19174 10.07918 0.7984226942 3.0711860217    0.777  2.708  3.6767  1.279    3  0.000  0.532    10.60     7.90     5.51     4.29     3.47  3 -1.65e-09      0.00 7.546e-01 2.453e-01 1.690e-05 4.721e-06 4.238e-05 -1.000 9.993e-05 -2.000 -2.095 -2.461 -2.470 -2.561 -2.577 -2.537
0.0001 -2.19174 10.07918 0.7984377146 3.0711925537    0.776  2.746  3.6747  1.233    3  0.000  0.532    11.69     8.59     5.97     4.65     3.77  3  -1.9e-09      0.00 7.546e-01 2.453e-01 1.690e-05 4.721e-06 4.238e-05 -1.000 1.000e-04 -2.095 -2.189 -2.563 -2.572 -2.666 -2.684 -2.645
0.0001 -2.19174 10.07918 0.7984532118 3.0711992928    0.774  2.788  3.6728  1.182    3  0.000  0.532    13.01     9.41     6.52     5.08     4.12  2 -2.23e-09      0.00 7.546e-01 2.453e-01 1.690e-05 4.721e-06 4.238e-05 -1.000 1.000e-04 -2.200 -2.294 -2.675 -2.685 -2.782 -2.801 -2.765
0.0001 -2.19174 10.07918 0.7984660268 3.0712048653    0.773  2.825  3.6711  1.137    3  0.000  0.532    14.31    10.20     7.04     5.50     4.45  2 -2.56e-09      0.00 7.546e-01 2.453e-01 1.690e-05 4.721e-06 4.238e-05 -1.000 9.994e-05 -2.294 -2.386 -2.775 -2.785 -2.884 -2.905 -2.870
0.0001 -2.19174 10.07918 0.7984790802 3.0712105413    0.771  2.866  3.6689  1.087    3  0.000  0.532    15.91    11.16     7.67     6.00     4.86  2 -2.98e-09      0.00 7.546e-01 2.453e-01 1.690e-05 4.721e-06 4.238e-05 -1.000 1.001e-04 -2.395 -2.485 -2.883 -2.894 -2.996 -3.020 -2.986
0.0001 -2.19174 10.07918 0.7984898686 3.0712152322    0.769  2.902  3.6673  1.044    3  0.000  0.532    17.42    12.06     8.26     6.47     5.24  2  -3.4e-09      0.00 7.546e-01 2.453e-01 1.690e-05 4.721e-06 4.238e-05 -1.000 1.000e-04 -2.484 -2.573 -2.978 -2.989 -3.094 -3.119 -3.087
0.0001 -2.19174 10.07918 0.7985012531 3.0712201822    0.767  2.942  3.6652  0.994    3  0.000  0.532    19.34    13.18     8.99     7.05     5.71  2 -3.95e-09      0.00 7.546e-01 2.453e-01 1.690e-05 4.721e-06 4.238e-05 -1.000 1.000e-04 -2.584 -2.670 -3.085 -3.096 -3.205 -3.232 -3.201
0.0001 -2.19174 10.07918 0.7985127568 3.0712251839    0.764  2.985  3.6630  0.941    3  0.000  0.532    21.64    14.50     9.85     7.73     6.27  2 -4.65e-09      0.00 7.546e-01 2.453e-01 1.690e-05 4.721e-06 4.238e-05 -1.000 1.001e-04 -2.692 -2.775 -3.200 -3.211 -3.324 -3.353 -3.325
0.0001 -2.19174 10.07918 0.7985221744 3.0712292785    0.762  3.022  3.6611  0.894    3  0.000  0.532    23.87    15.77    10.67     8.39     6.80  1 -5.36e-09      0.00 7.546e-01 2.453e-01 1.690e-05 4.721e-06 4.238e-05 -1.000 1.000e-04 -2.785 -2.866 -3.300 -3.312 -3.428 -3.458 -3.432
0.0001 -2.19174 10.07918 0.7985301614 3.0712327510    0.760  3.056  3.6593  0.852    3  0.000  0.532    26.10    17.01    11.47     9.03     7.32  1 -6.09e-09      0.00 7.546e-01 2.453e-01 1.690e-05 4.721e-06 4.238e-05 -1.000 9.999e-05 -2.869 -2.948 -3.390 -3.403 -3.522 -3.554 -3.529
0.0001 -2.19174 10.07918 0.7985384464 3.0712363529    0.757  3.093  3.6575  0.806    3  0.000  0.532    28.73    18.45    12.39     9.77     7.92  1    -7e-09      0.00 7.546e-01 2.453e-01 1.690e-05 4.721e-06 4.238e-05 -1.000 1.001e-04 -2.962 -3.037 -3.489 -3.502 -3.624 -3.657 -3.634
0.0001 -2.19174 10.07918 0.7985469103 3.0712400326    0.753  3.132  3.6552  0.756    3  0.000  0.532    31.96    20.20    13.51    10.66     8.65  1 -8.14e-09      0.00 7.546e-01 2.453e-01 1.690e-05 4.721e-06 4.238e-05 -1.000 1.000e-04 -3.061 -3.133 -3.596 -3.610 -3.736 -3.770 -3.749
0.0001 -2.19174 10.07918 0.7985540628 3.0712431421    0.750  3.168  3.6533  0.711    3  0.000  0.532    35.14    21.89    14.59    11.53     9.35  1 -9.33e-09      0.00 7.546e-01 2.453e-01 1.690e-05 4.721e-06 4.238e-05 -1.000 1.000e-04 -3.150 -3.218 -3.691 -3.705 -3.835 -3.871 -3.852
0.0001 -2.19174 10.07918 0.7985612154 3.0712462516    0.746  3.205  3.6513  0.663    3  0.000  0.532    38.81    23.81    15.81    12.51    10.15  1 -1.08e-08      0.00 7.546e-01 2.453e-01 1.690e-05 4.721e-06 4.238e-05 -1.000 1.000e-04 -3.242 -3.305 -3.789 -3.804 -3.938 -3.976 -3.958
0.0001 -2.19174 10.07918 0.7985678911 3.0712491537    0.743  3.239  3.6494  0.620    3  0.000  0.532    42.51    25.72    17.01    13.48    10.94  1 -1.23e-08      0.00 7.546e-01 2.453e-01 1.690e-05 4.721e-06 4.238e-05 -1.000 1.001e-04 -3.326 -3.384 -3.878 -3.893 -4.031 -4.071 -4.055
0.0001 -2.19174 10.07918 0.7985697389 3.0712499569    0.741  3.247  3.6490  0.609    3  0.000  0.532    43.54    26.24    17.34    13.75    11.16  1 -1.27e-08      0.00 7.546e-01 2.453e-01 1.690e-05 4.721e-06 4.238e-05 -1.000 1.000e-04 -3.348 -3.404 -3.902 -3.917 -4.055 -4.096 -4.081
0.0001 -2.19174 10.07918 0.7985697389 3.0712499569    0.741  1.658  3.9482  3.395    4  0.000  0.533     0.00     0.00     0.00     0.00     0.00 -1    -1e-30      0.00 7.562e-01 2.437e-01 1.688e-05 4.684e-06 4.222e-05 -1.000 1.000e-04 0.626 0.931 1.284 1.317 1.636 1.804 2.048
0.0001 -2.19174 10.07918 0.7985704541 3.0712502678    0.741  1.664  3.9443  3.373    4  0.000  0.533     0.00     0.00     0.00     0.00     0.00 -1    -1e-30      0.00 7.562e-01 2.437e-01 1.688e-05 4.684e-06 4.222e-05 -1.000 9.999e-05 0.609 0.898 1.244 1.277 1.593 1.760 2.002
0.0001 -2.19174 10.07918 0.7986187339 3.0712712546    0.741  1.685  3.9336  3.309    4  0.000  0.533     0.00     0.00     0.00     0.00     0.00 -1    -1e-30      0.00 7.562e-01 2.437e-01 1.688e-05 4.684e-06 4.222e-05 -1.000 9.991e-05 0.558 0.803 1.130 1.162 1.470 1.633 1.873
0.0001 -2.19174 10.07918 0.7986656427 3.0712916430    0.741  1.685  3.9337  3.310    4  0.000  0.533     0.00     0.00     0.00     0.00     0.00 -1    -1e-30      0.00 7.562e-01 2.437e-01 1.688e-05 4.684e-06 4.222e-05 -1.000 1.001e-04 0.557 0.803 1.130 1.162 1.470 1.634 1.873
0.0001 -2.19174 10.07918 0.7987126708 3.0713120807    0.741  1.685  3.9339  3.311    4  0.000  0.533     0.00     0.00     0.00     0.00     0.00 -1    -1e-30      0.00 7.562e-01 2.437e-01 1.688e-05 4.684e-06 4.222e-05 -1.000 9.993e-05 0.557 0.804 1.131 1.163 1.471 1.635 1.875
0.0001 -2.19174 10.07918 0.7987601757 3.0713327232    0.741  1.685  3.9339  3.311    4  0.000  0.533     0.00     0.00     0.00     0.00     0.00 -1    -1e-30      0.00 7.562e-01 2.437e-01 1.688e-05 4.684e-06 4.222e-05 -1.000 9.993e-05 0.557 0.804 1.131 1.163 1.471 1.635 1.875
0.0001 -2.19174 10.07918 0.7988089919 3.0713539328    0.741  1.685  3.9337  3.309    4  0.000  0.533     0.00     0.00     0.00     0.00     0.00 -1    -1e-30      0.00 7.562e-01 2.437e-01 1.688e-05 4.684e-06 4.222e-05 -1.000 9.999e-05 0.557 0.802 1.129 1.161 1.469 1.633 1.872
0.0001 -2.19174 10.07918 0.7988574505 3.0713749844    0.741  1.686  3.9331  3.307    4  0.000  0.533     0.00     0.00     0.00     0.00     0.00 -1    -1e-30      0.00 7.562e-01 2.437e-01 1.688e-05 4.684e-06 4.222e-05 -1.000 1.000e-04 0.556 0.799 1.125 1.157 1.464 1.628 1.867
0.0001 -2.19174 10.07918 0.7989027500 3.0713946613    0.741  1.686  3.9323  3.303    4  0.000  0.533     0.00     0.00     0.00     0.00     0.00 -1    -1e-30      0.00 7.562e-01 2.437e-01 1.688e-05 4.684e-06 4.222e-05 -1.000 1.000e-04 0.555 0.795 1.119 1.151 1.458 1.621 1.860
0.0001 -2.19174 10.07918 0.7989516258 3.0714158891    0.741  1.687  3.9311  3.298    4  0.000  0.533     0.00     0.00     0.00     0.00     0.00 -1    -1e-30      0.00 7.562e-01 2.437e-01 1.688e-05 4.684e-06 4.222e-05 -1.000 9.999e-05 0.553 0.789 1.111 1.143 1.448 1.611 1.850
0.0001 -2.19174 10.07918 0.7989966869 3.0714354577    0.742  1.688  3.9297  3.291    4  0.000  0.533     0.00     0.00     0.00     0.00     0.00 -1    -1e-30      0.00 7.562e-01 2.437e-01 1.688e-05 4.684e-06 4.222e-05 -1.000 9.993e-05 0.550 0.781 1.100 1.132 1.436 1.598 1.836
0.0001 -2.19174 10.07918 0.7990423441 3.0714552828    0.742  1.689  3.9278  3.282    4  0.000  0.533     0.00     0.00     0.00     0.00     0.00 -1    -1e-30      0.00 7.562e-01 2.437e-01 1.688e-05 4.684e-06 4.222e-05 -1.000 9.999e-05 0.547 0.771 1.087 1.118 1.420 1.582 1.819
0.0001 -2.19174 10.07918 0.7990902662 3.0714760890    0.742  1.691  3.9254  3.271    4  0.000  0.533     0.00     0.00     0.00     0.00     0.00 -1    -1e-30      0.00 7.562e-01 2.437e-01 1.688e-05 4.684e-06 4.222e-05 -1.000 9.997e-05 0.543 0.758 1.070 1.101 1.400 1.562 1.798
0.0001 -2.19174 10.07918 0.7991400957 3.0714977205    0.742  1.693  3.9225  3.257    4  0.000  0.533     0.00     0.00     0.00     0.00     0.00 -1    -1e-30      0.00 7.562e-01 2.437e-01 1.688e-05 4.684e-06 4.222e-05 -1.000 9.999e-05 0.538 0.742 1.048 1.079 1.376 1.536 1.771
0.0001 -2.19174 10.07918 0.7991865873 3.0715179005    0.742  1.695  3.9192  3.242    4  0.000  0.533     0.00     0.00     0.00     0.00     0.00 -1    -1e-30      0.00 7.562e-01 2.437e-01 1.688e-05 4.684e-06 4.222e-05 -1.000 1.000e-04 0.532 0.725 1.024 1.055 1.348 1.507 1.742
0.0001 -2.19174 10.07918 0.7992334962 3.0715382592    0.742  1.698  3.9154  3.224    4  0.000  0.533     0.00     0.00     0.00     0.00     0.00 -1    -1e-30      0.00 7.562e-01 2.437e-01 1.688e-05 4.684e-06 4.222e-05 -1.000 9.997e-05 0.526 0.706 0.998 1.028 1.316 1.474 1.707
0.0001 -2.19174 10.07918 0.7992828488 3.0715596759    0.742  1.701  3.9109  3.203    4  0.000  0.533     0.00     0.00     0.00     0.00     0.00 -1    -1e-30      0.00 7.562e-01 2.437e-01 1.688e-05 4.684e-06 4.222e-05 -1.000 9.993e-05 0.518 0.683 0.966 0.996 1.279 1.435 1.666
0.0001 -2.19174 10.07918 0.7993294001 3.0715798744    0.742  1.704  3.9062  3.181    4  0.000  0.533     0.00     0.00     0.00     0.00     0.00 -1    -1e-30      0.00 7.562e-01 2.437e-01 1.688e-05 4.684e-06 4.222e-05 -1.000 9.997e-05 0.509 0.659 0.933 0.962 1.239 1.394 1.622
0.0001 -2.19174 10.07918 0.7993761301 3.0716001481    0.742  1.708  3.9008  3.155    4  0.000  0.533     0.00     0.00     0.00     0.00     0.00 -1    -1e-30      0.00 7.562e-01 2.437e-01 1.688e-05 4.684e-06 4.222e-05 -1.000 9.999e-05 0.500 0.634 0.896 0.925 1.194 1.346 1.572
0.0001 -2.19174 10.07918 0.7994243503 3.0716210657    0.742  1.712  3.8947  3.127    4  0.000  0.533     0.00     0.00     0.00     0.00     0.00 -1    -1e-30      0.00 7.562e-01 2.437e-01 1.688e-05 4.684e-06 4.222e-05 -1.000 1.000e-04 0.489 0.606 0.856 0.883 1.144 1.293 1.517
0.0001 -2.19174 10.07918 0.7994737029 3.0716424719    0.742  1.717  3.8879  3.095    4  0.000  0.533     0.00     0.00     0.00     0.00     0.00 -1    -1e-30      0.00 7.562e-01 2.437e-01 1.688e-05 4.684e-06 4.222e-05 -1.000 9.991e-05 0.478 0.576 0.811 0.837 1.088 1.234 1.454
0.0001 -2.19174 10.07918 0.7995197177 3.0716624279    0.742  1.722  3.8810  3.063    4  0.000  0.533     0.00     0.00     0.00     0.00     0.00 -1    -1e-30      0.00 7.562e-01 2.437e-01 1.688e-05 4.684e-06 4.222e-05 -1.000 9.997e-05 0.466 0.547 0.766 0.791 1.031 1.173 1.390
0.0001 -2.19174 10.07918 0.7995240688 3.0716643148    0.742  1.722  3.8803  3.059    4  0.000  0.533     0.00     0.00     0.00     0.00     0.00 -1    -1e-30      0.00 7.562e-01 2.437e-01 1.688e-05 4.684e-06 4.222e-05 -1.000 9.997e-05 0.464 0.544 0.762 0.787 1.025 1.168 1.384
0.0001 -2.19174 10.07918 0.7995317578 3.0716676491    0.742  1.723  3.8792  3.054    4  0.000  0.533     0.00     0.00     0.00     0.00     0.00 -1    -1e-30      0.00 7.562e-01 2.437e-01 1.688e-05 4.684e-06 4.222e-05 -1.000 1.000e-04 0.462 0.539 0.754 0.779 1.016 1.158 1.374
0.0001 -2.19174 10.07918 0.7995770574 3.0716872920    0.742  1.728  3.8726  3.023    4  0.000  0.533     0.00     0.00     0.00     0.00     0.00 -1    -1e-30      0.00 7.562e-01 2.437e-01 1.688e-05 4.684e-06 4.222e-05 -1.000 1.000e-04 0.451 0.514 0.713 0.737 0.963 1.101 1.312
0.0001 -2.19174 10.07918 0.7996212244 3.0717064417    0.742  1.733  3.8655  2.990    4  0.000  0.533     0.00     0.00     0.00     0.00     0.00 -1    -1e-30      0.00 7.562e-01 2.437e-01 1.688e-05 4.684e-06 4.222e-05 -1.000 9.993e-05 0.438 0.487 0.670 0.692 0.906 1.040 1.247
0.0001 -2.19174 10.07918 0.7996684313 3.0717269069    0.742  1.738  3.8575  2.952    4  0.000  0.533     0.00     0.00     0.00     0.00     0.00 -1    -1e-30      0.00 7.562e-01 2.437e-01 1.688e-05 4.684e-06 4.222e-05 -1.000 1.000e-04 0.424 0.459 0.622 0.643 0.843 0.972 1.173
0.0001 -2.19174 10.07918 0.7997133732 3.0717463879    0.742  1.744  3.8492  2.913    4  0.000  0.533     0.00     0.00     0.00     0.00     0.00 -1    -1e-30      0.00 7.562e-01 2.437e-01 1.688e-05 4.684e-06 4.222e-05 -1.000 1.001e-04 0.410 0.431 0.574 0.593 0.778 0.901 1.097
0.0001 -2.19174 10.07918 0.7997564077 3.0717650400    0.742  1.750  3.8408  2.874    4  0.000  0.533     0.00     0.00     0.00     0.00     0.00 -1    -1e-30      0.00 7.562e-01 2.437e-01 1.688e-05 4.684e-06 4.222e-05 -1.000 9.999e-05 0.395 0.405 0.526 0.544 0.714 0.832 1.021
0.0001 -2.19174 10.07918 0.7998008728 3.0717843100    0.742  1.756  3.8323  2.834    4  0.000  0.533     0.00     0.00     0.00     0.00     0.00 -1    -1e-30      0.00 7.562e-01 2.437e-01 1.688e-05 4.684e-06 4.222e-05 -1.000 9.993e-05 0.380 0.377 0.477 0.493 0.648 0.760 0.944
0.0001 -2.19174 10.07918 0.7998445034 3.0718032162    0.742  1.762  3.8239  2.794    4  0.000  0.533     0.00     0.00     0.00     0.00     0.00 -1    -1e-30      0.00 7.562e-01 2.437e-01 1.688e-05 4.684e-06 4.222e-05 -1.000 9.991e-05 0.364 0.351 0.429 0.444 0.583 0.689 0.866
0.0001 -2.19174 10.07918 0.7998885512 3.0718223010    0.743  1.769  3.8158  2.755    4  0.000  0.533     0.00     0.00     0.00     0.00     0.00 -1    -1e-30      0.00 7.562e-01 2.437e-01 1.688e-05 4.684e-06 4.222e-05 -1.000 9.993e-05 0.348 0.325 0.382 0.395 0.521 0.621 0.791
0.0001 -2.19174 10.07918 0.7999327183 3.0718414354    0.743  1.775  3.8083  2.719    4  0.000  0.533     0.00     0.00     0.00     0.00     0.00 -1    -1e-30      0.00 7.562e-01 2.437e-01 1.688e-05 4.684e-06 4.222e-05 -1.000 9.991e-05 0.331 0.300 0.337 0.349 0.462 0.556 0.720
0.0001 -2.19174 10.07918 0.7999771237 3.0718606708    0.743  1.784  3.7999  2.677    4  0.000  0.533     0.00     0.00     0.00     0.00     0.00 -1    -1e-30      0.00 7.562e-01 2.437e-01 1.688e-05 4.684e-06 4.222e-05 -1.000 9.993e-05 0.311 0.271 0.284 0.295 0.394 0.482 0.638
0.0001 -2.19174 10.07918 0.7999859452 3.0718644918    0.743  1.786  3.7981  2.668    4  0.000  0.533     0.00     0.00     0.00     0.00     0.00 -1    -1e-30      0.00 7.562e-01 2.437e-01 1.688e-05 4.684e-06 4.222e-05 -1.000 9.991e-05 0.306 0.264 0.273 0.284 0.380 0.466 0.621
0.0001 -2.19174 10.07918 0.8000315428 3.0718842410    0.743  1.796  3.7900  2.625    4  0.000  0.533     0.00     0.00     0.00     0.00     0.00 -1    -1e-30      0.00 7.562e-01 2.437e-01 1.688e-05 4.684e-06 4.222e-05 -1.000 9.999e-05 0.281 0.232 0.218 0.227 0.310 0.389 0.537
0.0001 -2.19174 10.07918 0.8000764251 3.0719036780    0.743  1.810  3.7799  2.570    4  0.000  0.533     0.00     0.00     0.00     0.00     0.00 -1    -1e-30      0.00 7.562e-01 2.437e-01 1.688e-05 4.684e-06 4.222e-05 -1.000 1.000e-04 0.244 0.185 0.144 0.152 0.218 0.289 0.428
0.0001 -2.19174 10.07918 0.8001142144 3.0719200416    0.743  1.836  3.7669  2.492    4  0.000  0.533     0.00     0.00     0.00     0.00     0.00 -1    -1e-30      0.00 7.562e-01 2.437e-01 1.688e-05 4.684e-06 4.222e-05 -1.000 9.991e-05 0.179 0.110 0.032 0.038 0.083 0.144 0.271
0.0001 -2.19174 10.07918 0.8001347184 3.0719289197    0.743  1.867  3.7553  2.415    4  0.000  0.533     0.00     0.00     0.00     0.00     0.00 -1    -1e-30      0.00 7.562e-01 2.437e-01 1.688e-05 4.684e-06 4.222e-05 -1.000 1.000e-04 0.101 0.024 -0.087 -0.084 -0.056 -0.005 0.111
0.0001 -2.19174 10.07918 0.8001438975 3.0719328940    0.743  1.899  3.7461  2.346    4  0.000  0.533     0.00     0.00     0.00     0.00     0.00 -1    -1e-30      0.00 7.562e-01 2.437e-01 1.688e-05 4.684e-06 4.222e-05 -1.000 9.999e-05 0.023 -0.061 -0.199 -0.197 -0.183 -0.139 -0.032
0.0001 -2.19174 10.07918 0.8001480699 3.0719347004    0.743  1.932  3.7383  2.282    4  0.000  0.533     0.00     0.00     0.00     0.00     0.00 -1    -1e-30      0.00 7.562e-01 2.437e-01 1.688e-05 4.684e-06 4.222e-05 -1.000 9.999e-05 -0.061 -0.149 -0.310 -0.309 -0.308 -0.270 -0.170
0.0001 -2.19174 10.07918 0.8001500368 3.0719355521    0.743  1.963  3.7325  2.228    4  0.000  0.533     0.00     0.00     0.00     0.00     0.00 -1    -1e-30      0.00 7.562e-01 2.437e-01 1.688e-05 4.684e-06 4.222e-05 -1.000 9.999e-05 -0.139 -0.230 -0.408 -0.409 -0.415 -0.383 -0.289
0.0001 -2.19174 10.07918 0.8001508117 3.0719358875    0.743  1.984  3.7294  2.195    7  0.000  0.533     0.00     0.00     0.00     0.00     0.00 -1    -1e-30      0.00 7.562e-01 2.437e-01 1.688e-05 4.684e-06 4.222e-05 -1.000 9.999e-05 -0.189 -0.283 -0.470 -0.470 -0.482 -0.452 -0.361
0.0001 -2.19174 10.07918 0.8001510501 3.0719359908    0.743  1.993  3.7283  2.181    7  0.000  0.533     0.00     0.00     0.00     0.00     0.00 -1    -1e-30      0.00 7.562e-01 2.437e-01 1.688e-05 4.684e-06 4.222e-05 -1.000 9.999e-05 -0.212 -0.306 -0.497 -0.498 -0.511 -0.482 -0.392
0.0001 -2.19174 10.07918 0.8001519442 3.0719363779    0.743  2.032  3.7241  2.125    7  0.000  0.533     0.00     0.00     0.00     0.00     0.00 -1    -1e-30      0.00 7.562e-01 2.437e-01 1.688e-05 4.684e-06 4.222e-05 -1.000 9.990e-05 -0.311 -0.407 -0.610 -0.612 -0.631 -0.606 -0.520
0.0001 -2.19174 10.07918 0.8001527786 3.0719367392    0.743  2.072  3.7205  2.070    7  0.000  0.533     0.00     0.00     0.00     0.00     0.00 -1    -1e-30      0.00 7.562e-01 2.437e-01 1.688e-05 4.684e-06 4.222e-05 -1.000 1.000e-04 -0.411 -0.508 -0.723 -0.725 -0.749 -0.727 -0.645
0.0001 -2.19174 10.07918 0.8001536131 3.0719371004    0.743  2.112  3.7172  2.017    7  0.000  0.533     0.00     0.00     0.00     0.00     0.00 -1    -1e-30      0.00 7.562e-01 2.437e-01 1.688e-05 4.684e-06 4.222e-05 -1.000 9.999e-05 -0.511 -0.609 -0.834 -0.837 -0.866 -0.847 -0.768
0.0001 -2.19174 10.07918 0.8001544476 3.0719374617    0.743  2.150  3.7145  1.969    7  0.000  0.533     0.00     0.00     0.00     0.00     0.00 -1    -1e-30      0.00 7.562e-01 2.437e-01 1.688e-05 4.684e-06 4.222e-05 -1.000 9.999e-05 -0.604 -0.703 -0.937 -0.940 -0.973 -0.956 -0.879
0.0001 -2.19174 10.07918 0.8001558185 3.0719380553    0.743  2.173  3.7130  1.940    7  0.000  0.533     0.00     0.00     0.00     0.00     0.00 -1    -1e-30      0.00 7.562e-01 2.437e-01 1.688e-05 4.684e-06 4.222e-05 -1.000 9.990e-05 -0.662 -0.762 -1.000 -1.003 -1.038 -1.023 -0.948
0.0001 -2.19174 10.07918 0.8001583219 3.0719391391    0.743  2.153  3.7146  1.966    7  0.000  0.533     0.00     0.00     0.00     0.00     0.00 -1    -1e-30      0.00 7.562e-01 2.437e-01 1.688e-05 4.684e-06 4.222e-05 -1.000 1.000e-04 -0.613 -0.712 -0.945 -0.948 -0.981 -0.964 -0.887
0.0001 -2.19174 10.07918 0.8001741767 3.0719460034    0.743  2.143  3.7149  1.977    7  0.000  0.533     0.00     0.00     0.00     0.00     0.00 -1    -1e-30      0.00 7.562e-01 2.437e-01 1.688e-05 4.684e-06 4.222e-05 -1.000 9.993e-05 -0.587 -0.687 -0.919 -0.922 -0.954 -0.937 -0.860
0.0001 -2.19174 10.07918 0.8001891375 3.0719524803    0.743  2.174  3.7124  1.936    7  0.000  0.533     0.00     0.00     0.00     0.00     0.00 -1    -1e-30      0.00 7.562e-01 2.437e-01 1.688e-05 4.684e-06 4.222e-05 -1.000 9.991e-05 -0.666 -0.766 -1.006 -1.010 -1.046 -1.031 -0.956
0.0001 -2.19174 10.07918 0.8002071977 3.0719602987    0.743  2.222  3.7091  1.876    7  0.000  0.533     0.00     0.00     0.00     0.00     0.00 -1    -1e-30      0.00 7.562e-01 2.437e-01 1.688e-05 4.684e-06 4.222e-05 -1.000 9.990e-05 -0.784 -0.885 -1.136 -1.140 -1.180 -1.168 -1.097
0.0001 -2.19174 10.07918 0.8002245426 3.0719678071    0.743  2.263  3.7064  1.823    7  0.000  0.533     0.00     0.00     0.00     0.00     0.00 -1    -1e-30      0.00 7.562e-01 2.437e-01 1.688e-05 4.684e-06 4.222e-05 -1.000 9.999e-05 -0.888 -0.990 -1.250 -1.254 -1.299 -1.289 -1.220
0.0001 -2.19174 10.07918 0.8002404571 3.0719746960    0.743  2.305  3.7039  1.772    7  0.000  0.533     0.00     0.00     0.00     0.00     0.00 -1    -1e-30      0.00 7.562e-01 2.437e-01 1.688e-05 4.684e-06 4.222e-05 -1.000 9.999e-05 -0.991 -1.094 -1.362 -1.367 -1.415 -1.407 -1.340
0.0001 -2.19174 10.07918 0.8002547622 3.0719808880    0.743  2.346  3.7015  1.721    7  0.000  0.533     0.00     0.00     0.00     0.00     0.00 -1    -1e-30      0.00 7.562e-01 2.437e-01 1.688e-05 4.685e-06 4.222e-05 -1.000 9.993e-05 -1.094 -1.197 -1.473 -1.479 -1.530 -1.524 -1.460
0.0001 -2.19174 10.07918 0.8002675176 3.0719864090    0.743  2.387  3.6992  1.670    7  0.000  0.533     0.00     0.00     0.00     0.00     0.00 -1    -1e-30      0.00 7.562e-01 2.437e-01 1.687e-05 4.687e-06 4.222e-05 -1.000 9.999e-05 -1.198 -1.301 -1.585 -1.591 -1.646 -1.642 -1.580
0.0001 -2.19174 10.07918 0.8002787232 3.0719912591    0.743  2.428  3.6969  1.620    7  0.000  0.531     0.00     0.00     0.00     0.00     0.00 -1    -1e-30      0.00 7.562e-01 2.437e-01 1.681e-05 4.709e-06 4.222e-05 -1.000 9.558e-05 -1.301 -1.404 -1.696 -1.702 -1.761 -1.759 -1.700
0.0001 -2.19174 10.07918 0.8002885580 3.0719955157    0.743  2.469  3.6946  1.570    7  0.000  0.524     0.00     0.00     0.00     0.00     0.00 -1    -1e-30      0.00 7.561e-01 2.438e-01 1.661e-05 4.858e-06 4.222e-05 -1.000 9.355e-05 -1.403 -1.506 -1.806 -1.813 -1.875 -1.875 -1.818
0.0001 -2.19174 10.07918 0.8002974987 3.0719993853    0.743  2.510  3.6924  1.520    7  0.000  0.510     6.26     5.05     3.60     2.78     2.25  3    -1e-30      0.00 7.560e-01 2.439e-01 1.616e-05 5.335e-06 4.223e-05 -1.000 9.890e-05 -1.506 -1.609 -1.916 -1.923 -1.989 -1.991 -1.936
0.0001 -2.19174 10.07918 0.8003056049 3.0720028936    0.743  2.551  3.6902  1.471    7  0.000  0.493     6.96     5.53     3.92     3.03     2.45  3    -1e-30      0.00 7.559e-01 2.440e-01 1.562e-05 5.991e-06 4.224e-05 -1.000 1.000e-04 -1.607 -1.710 -2.026 -2.033 -2.102 -2.106 -2.053
0.0001 -2.19174 10.07918 0.8003131151 3.0720061439    0.743  2.591  3.6880  1.421    7  0.000  0.477     7.73     6.04     4.26     3.31     2.68  3    -1e-30      0.00 7.557e-01 2.442e-01 1.512e-05 6.603e-06 4.225e-05 -1.000 1.000e-04 -1.709 -1.811 -2.135 -2.142 -2.215 -2.220 -2.169
0.0001 -2.19174 10.07918 0.8003200293 3.0720091362    0.743  2.632  3.6858  1.372    7  0.000  0.463     8.58     6.60     4.64     3.61     2.92  3    -1e-30      0.00 7.555e-01 2.444e-01 1.468e-05 7.141e-06 4.227e-05 -1.000 1.000e-04 -1.810 -1.912 -2.244 -2.252 -2.327 -2.335 -2.286
0.0001 -2.19174 10.07918 0.8003265858 3.0720119736    0.743  2.672  3.6836  1.323    7  0.000  0.452     9.53     7.22     5.05     3.93     3.18  3    -1e-30      0.00 7.553e-01 2.446e-01 1.432e-05 7.595e-06 4.228e-05 -1.000 9.996e-05 -1.911 -2.013 -2.353 -2.361 -2.440 -2.449 -2.402
0.0001 -2.19174 10.07918 0.8003328443 3.0720146821    0.743  2.713  3.6814  1.274    7  0.000  0.442    10.57     7.89     5.50     4.29     3.47  3    -1e-30      0.00 7.550e-01 2.449e-01 1.400e-05 7.990e-06 4.227e-05 -1.000 1.000e-04 -2.012 -2.113 -2.461 -2.470 -2.552 -2.563 -2.518
0.0001 -2.19174 10.07918 0.8003388643 3.0720172873    0.743  2.753  3.6792  1.225    7  0.000  0.433    11.74     8.62     5.99     4.67     3.78  2    -1e-30      0.00 7.548e-01 2.451e-01 1.372e-05 8.332e-06 4.227e-05 -1.000 9.991e-05 -2.113 -2.213 -2.570 -2.579 -2.664 -2.678 -2.635
0.0001 -2.19174 10.07918 0.8003445864 3.0720197635    0.743  2.794  3.6770  1.174    7  0.000  0.425    13.07     9.44     6.53     5.10     4.13  2    -1e-30      0.00 7.545e-01 2.454e-01 1.348e-05 8.638e-06 4.224e-05 -1.000 1.000e-04 -2.216 -2.314 -2.680 -2.689 -2.778 -2.794 -2.753
0.0001 -2.19174 10.07918 0.8003494740 3.0720218785    0.743  2.836  3.6747  1.124    7  0.000  0.419    14.55    10.35     7.13     5.58     4.51  2    -1e-30      0.00 7.542e-01 2.457e-01 1.327e-05 8.909e-06 4.219e-05 -1.000 1.000e-04 -2.320 -2.416 -2.792 -2.801 -2.894 -2.912 -2.873
0.0001 -2.19174 10.07918 0.8003537059 3.0720237099    0.743  2.877  3.6724  1.073    7  0.000  0.414    16.20    11.33     7.78     6.09     4.93  2    -1e-30      0.00 7.539e-01 2.460e-01 1.309e-05 9.154e-06 4.211e-05 -1.000 9.993e-05 -2.422 -2.517 -2.902 -2.912 -3.009 -3.029 -2.991
0.0001 -2.19174 10.07918 0.8003572226 3.0720252316    0.743  2.918  3.6700  1.023    7  0.000  0.411    18.02    12.41     8.48     6.65     5.39  2    -1e-30      0.00 7.537e-01 2.462e-01 1.293e-05 9.400e-06 4.199e-05 -1.000 9.999e-05 -2.525 -2.618 -3.013 -3.023 -3.123 -3.145 -3.110
0.0001 -2.19174 10.07918 0.8003604412 3.0720266244    0.743  2.958  3.6677  0.974    7  0.000  0.408    20.01    13.56     9.23     7.25     5.87  2    -1e-30      0.00 7.534e-01 2.465e-01 1.280e-05 9.648e-06 4.184e-05 -1.000 9.075e-05 -2.624 -2.715 -3.120 -3.131 -3.235 -3.259 -3.226
0.0001 -2.19174 10.07918 0.8003637791 3.0720280688    0.743  2.998  3.6654  0.924    7  0.000  0.406    22.24    14.83    10.06     7.91     6.41  1    -1e-30      0.00 7.532e-01 2.467e-01 1.270e-05 9.883e-06 4.169e-05 -1.000 9.988e-05 -2.725 -2.813 -3.229 -3.240 -3.348 -3.374 -3.343
0.0001 -2.19174 10.07918 0.8003667593 3.0720293584    0.743  3.043  3.6628  0.869    7  0.000  0.405    25.02    16.39    11.06     8.71     7.06  1    -1e-30      0.00 7.529e-01 2.470e-01 1.262e-05 1.012e-05 4.153e-05 -1.000 1.000e-04 -2.837 -2.921 -3.349 -3.361 -3.474 -3.502 -3.473
0.0001 -2.19174 10.07918 0.8003681302 3.0720299517    0.743  3.069  3.6612  0.837    7  0.000  0.404    26.78    17.37    11.69     9.22     7.47  1    -1e-30      0.00 7.527e-01 2.472e-01 1.255e-05 1.034e-05 4.137e-05 -1.000 9.990e-05 -2.902 -2.983 -3.419 -3.431 -3.546 -3.576 -3.549
0.0001 -2.19174 10.07918 0.8003685474 3.0720301322    0.743  3.046  3.6626  0.866    7  0.000  0.404    25.21    16.50    11.13     8.77     7.11  1    -1e-30      0.00 7.526e-01 2.473e-01 1.251e-05 1.047e-05 4.127e-05 -1.000 9.993e-05 -2.845 -2.928 -3.357 -3.369 -3.482 -3.510 -3.482
0.0001 -2.19174 10.07918 0.8003686666 3.0720301838    0.743  3.042  3.6628  0.870    7  0.000  0.404    24.98    16.37    11.05     8.70     7.05  1    -1e-30      0.00 7.526e-01 2.473e-01 1.251e-05 1.047e-05 4.127e-05 -1.000 9.996e-05 -2.836 -2.920 -3.348 -3.360 -3.472 -3.500 -3.472
0.0001 -2.19174 10.07918 0.8003687263 3.0720302096    0.743  3.042  3.6628  0.871    7  0.000  0.404    24.94    16.35    11.04     8.69     7.04  1    -1e-30      0.00 7.526e-01 2.473e-01 1.251e-05 1.048e-05 4.127e-05 -1.000 9.993e-05 -2.834 -2.919 -3.346 -3.358 -3.470 -3.498 -3.470
0.0001 -2.19174 10.07918 0.8003688455 3.0720302612    0.743  3.058  3.6619  0.850    7  0.000  0.404    26.03    16.96    11.43     9.00     7.30  1    -1e-30      0.00 7.526e-01 2.473e-01 1.251e-05 1.048e-05 4.126e-05 -1.000 9.997e-05 -2.875 -2.958 -3.390 -3.402 -3.516 -3.545 -3.517
0.0001 -2.19174 10.07918 0.8003689051 3.0720302870    0.743  3.070  3.6611  0.835    7  0.000  0.404    26.88    17.42    11.73     9.24     7.50  1    -1e-30      0.00 7.526e-01 2.473e-01 1.251e-05 1.048e-05 4.126e-05 -1.000 1.000e-04 -2.905 -2.987 -3.423 -3.435 -3.551 -3.580 -3.553
0.0001 -2.19174 10.07918 0.8003690839 3.0720303643    0.743  3.094  3.6596  0.806    7  0.000  0.404    28.64    18.39    12.35     9.74     7.90  1    -1e-30      0.00 7.526e-01 2.473e-01 1.250e-05 1.050e-05 4.125e-05 -1.000 9.999e-05 -2.965 -3.044 -3.487 -3.500 -3.618 -3.649 -3.623
0.0001 -2.19174 10.07918 0.8003692627 3.0720304417    0.743  3.134  3.6571  0.755    7  0.000  0.403    31.88    20.14    13.47    10.64     8.63  1    -1e-30      0.00 7.522e-01 2.477e-01 1.239e-05 1.090e-05 4.096e-05 -1.000 1.000e-04 -3.065 -3.141 -3.596 -3.609 -3.732 -3.764 -3.741
0.0001 -2.19174 10.07918 0.8003696203 3.0720305965    0.743  3.187  3.6536  0.688    7  0.000  0.403    36.78    22.74    15.13    11.97     9.71  1    -1e-30      0.00 7.517e-01 2.482e-01 1.228e-05 1.134e-05 4.062e-05 -1.000 1.001e-04 -3.199 -3.268 -3.741 -3.755 -3.884 -3.919 -3.899
0.0001 -2.19174 10.07918 0.8003701568 3.0720308286    0.743  3.238  3.6503  0.624    7  0.523  0.403    42.11    25.51    16.88    13.38    10.86  1    -1e-30      0.00 7.513e-01 2.486e-01 1.217e-05 1.176e-05 4.029e-05 -1.000 1.001e-04 -3.325 -3.385 -3.875 -3.890 -4.026 -4.064 -4.048
0.0001 -2.19174 10.07918 0.8003704548 3.0720309575    0.743  3.249  3.6477  0.603    8  0.521  0.416    44.07    26.52    17.52    13.89    11.27  1 -4.47e-07      0.00 7.511e-01 2.487e-01 1.270e-05 1.188e-05 4.069e-05 -1.000 1.417e-04 -3.352 -3.403 -3.907 -3.923 -4.064 -4.106 -4.092
0.0001 -2.19174 10.07918 0.8003705144 3.0720309833    0.741  3.033  3.6611  0.871    8  0.521  0.416    24.91    16.33    11.02     8.68     7.04  1 -1.89e-07      0.00 7.511e-01 2.487e-01 1.270e-05 1.188e-05 4.069e-05 -1.000 1.417e-04 -2.813 -2.894 -3.329 -3.341 -3.457 -3.487 -3.461
0.0001 -2.19174 10.07918 0.8003706336 3.0720310349    0.739  2.877  3.6705  1.063    8  0.521  0.416    16.52    11.52     7.90     6.19     5.01  2 -1.07e-07      0.00 7.511e-01 2.487e-01 1.270e-05 1.188e-05 4.069e-05 -1.000 1.418e-04 -2.422 -2.515 -2.907 -2.917 -3.017 -3.039 -3.004
0.0001 -2.19174 10.07918 0.8003708720 3.0720311381    0.733  2.654  3.6839  1.336    8  0.521  0.416     9.22     7.02     4.92     3.83     3.10  3 -5.14e-08      0.00 7.511e-01 2.487e-01 1.270e-05 1.188e-05 4.069e-05 -1.000 1.417e-04 -1.866 -1.967 -2.306 -2.314 -2.393 -2.402 -2.355
0.0001 -2.19174 10.07918 0.8003711104 3.0720312413    0.726  2.657  3.6835  1.328    8  0.522  0.416     9.36     7.11     4.98     3.88     3.14  3 -5.24e-08      0.00 7.511e-01 2.487e-01 1.270e-05 1.188e-05 4.069e-05 -1.000 1.418e-04 -1.873 -1.974 -2.315 -2.323 -2.402 -2.412 -2.364
0.0001 -2.19174 10.07918 0.8003715277 3.0720314218    0.716  2.725  3.6791  1.236    8  0.522  0.416    11.34     8.37     5.82     4.54     3.67  2 -6.61e-08      0.00 7.511e-01 2.487e-01 1.270e-05 1.188e-05 4.069e-05 -1.000 1.418e-04 -2.044 -2.143 -2.501 -2.509 -2.595 -2.609 -2.566
0.0001 -2.19174 10.07918 0.8003719449 3.0720316023    0.705  2.909  3.6676  1.000    8  0.522  0.416    18.68    12.76     8.70     6.84     5.54  2 -1.26e-07      0.00 7.511e-01 2.487e-01 1.270e-05 1.188e-05 4.069e-05 -1.000 1.417e-04 -2.502 -2.592 -2.997 -3.007 -3.112 -3.136 -3.104
0.0001 -2.19174 10.07918 0.8003724813 3.0720318345    0.692  3.077  3.6570  0.781    8  0.522  0.416    29.68    18.87    12.64    10.00     8.10  1 -2.44e-07      0.00 7.511e-01 2.487e-01 1.270e-05 1.188e-05 4.069e-05 -1.000 1.417e-04 -2.923 -2.999 -3.453 -3.466 -3.589 -3.622 -3.599
0.0001 -2.19174 10.07918 0.8003730774 3.0720320924    0.678  3.188  3.6499  0.632    8  0.523  0.416    40.62    24.57    16.25    12.92    10.47  1 -3.95e-07      0.00 7.511e-01 2.487e-01 1.270e-05 1.188e-05 4.069e-05 -1.000 1.417e-04 -3.201 -3.260 -3.752 -3.767 -3.903 -3.943 -3.927
0.0001 -2.19174 10.07918 0.8003737330 3.0720323761    0.662  3.247  3.6459  0.548    8  0.523  0.416    48.45    28.45    18.68    14.89    12.08  1 -5.25e-07      0.00 7.511e-01 2.487e-01 1.270e-05 1.188e-05 4.069e-05 -1.000 1.417e-04 -3.347 -3.393 -3.908 -3.924 -4.069 -4.112 -4.100
0.0001 -2.19174 10.07918 0.8003745079 3.0720327114    0.645  3.272  3.6439  0.503    8  0.524  0.416    53.05    30.63    20.04    16.00    12.98  1 -6.09e-07      0.00 7.511e-01 2.487e-01 1.270e-05 1.188e-05 4.069e-05 -1.000 1.417e-04 -3.410 -3.450 -3.976 -3.993 -4.142 -4.187 -4.177
0.0001 -2.19174 10.07918 0.8003753424 3.0720330725    0.626  3.283  3.6427  0.475    8  0.524  0.416    56.07    31.99    20.87    16.70    13.54  0 -6.67e-07      0.00 7.511e-01 2.487e-01 1.270e-05 1.188e-05 4.069e-05 -1.000 1.417e-04 -3.437 -3.473 -4.007 -4.024 -4.175 -4.221 -4.213
0.0001 -2.19174 10.07918 0.8003792167 3.0720347489    0.526 -9.999  4.0000  1.882    9  0.526  0.000     0.00     0.00     0.00     0.00     0.00 -1    -1e-30      0.00 7.511e-01 2.487e-01 1.270e-05 1.188e-05 4.069e-05 -1.000 1.417e-04 29.767 30.333 30.767 30.803 31.146 31.317 31.565
#isochrone terminated
