# File generated by CMD 3.8 (http://stev.oapd.inaf.it/cmd) on Fri Jan 23 16:52:37 UTC 2026
# isochrones based on PARSEC release v1.2S +  COLIBRI S_37 + S_35 + PR16
# Basic references: Bressan et al. (2012), MNRAS, 427, 127 + Chen et al. (2014, 2015), MNRAS, 444, 2525 + MNRAS, 452, 1068 + Tang et al. (2014), MNRAS, 445, 4287 + Marigo et al. (2017), ApJ, 835, 77 + Pastorelli al. (2019), MNRAS, 485, 5666 + Pastorelli al. (2020), MNRAS, in press
# Thermal pulse cycles included 
# On RGB, assumed Reimers mass loss with efficiency eta=0.2
# LPV periods and growth rates added cf. Trabucchi et al. (2019)
# but fundamental-mode LPV periods + transition are from Trabucchi et al. (2021)
# Photometric system: Euclid VIS+NISP (ABmags)
# Using OBC version of bolometric corrections as detailed in Marigo et al. (2008, A&A 482, 883) and Girardi et al. (2008, PASP 120, 583
# O-rich circumstellar dpmod60alox40 dust from Groenewegen (2006)
# C-rich circumstellar AMCSIC15 dust from Groenewegen (2006)
# IMF: Chabrier (2001) lognormal 
# Kind of output: isochrone tables
# Zini     MH   logAge Mini        int_IMF         Mass   logL    logTe  logg  label   McoreTP C_O  period0  period1  period2  period3  period4  pmode  Mloss  tau1m   X   Y   Xc  Xn  Xo  Cexcess  Z 	 mbolmag  VISmag  Ymag    Bluemag  Jmag    Redmag  Hmag
0.0002 -1.89055 10.07918 0.0900000036 1.4676543549    0.090 -3.201  3.4878  5.497    1  0.000  0.545     0.00     0.00     0.00     0.00     0.00 -1 -4.71e-17      0.00 7.484e-01 2.514e-01 3.596e-05 9.702e-06 8.799e-05 -1.000 2.000e-04 12.772 13.170 11.940 11.907 11.723 11.755 11.880
0.0002 -1.89055 10.07918 0.0965234712 1.5358287901    0.097 -2.946  3.5254  5.422    1  0.000  0.545     0.00     0.00     0.00     0.00     0.00 -1 -8.91e-17      0.00 7.466e-01 2.532e-01 3.596e-05 9.702e-06 8.800e-05 -1.000 2.000e-04 12.135 12.399 11.400 11.371 11.192 11.182 11.241
0.0002 -1.89055 10.07918 0.1000000015 1.5704020300    0.100 -2.818  3.5443  5.385    1  0.000  0.545     0.00     0.00     0.00     0.00     0.00 -1 -1.23e-16      0.00 7.456e-01 2.542e-01 3.596e-05 9.702e-06 8.800e-05 -1.000 1.999e-04 11.814 12.006 11.118 11.092 10.925 10.905 10.946
0.0002 -1.89055 10.07918 0.1199999973 1.7478251425    0.120 -2.523  3.5751  5.292    1  0.000  0.545     0.00     0.00     0.00     0.00     0.00 -1 -2.46e-16      0.00 7.424e-01 2.574e-01 3.596e-05 9.702e-06 8.800e-05 -1.000 2.000e-04 11.077 11.167 10.429 10.408 10.269 10.246 10.274
0.0002 -1.89055 10.07918 0.1400000006 1.8958494754    0.140 -2.338  3.5898  5.234    1  0.000  0.545     0.00     0.00     0.00     0.00     0.00 -1 -3.72e-16      0.00 7.402e-01 2.596e-01 3.596e-05 9.703e-06 8.800e-05 -1.000 2.000e-04 10.616 10.648 9.975 9.956 9.834 9.813 9.844
0.0002 -1.89055 10.07918 0.1599999964 2.0211524514    0.160 -2.194  3.5994  5.185    1  0.000  0.545     0.00     0.00     0.00     0.00     0.00 -1 -5.14e-16      0.00 7.387e-01 2.611e-01 3.596e-05 9.703e-06 8.800e-05 -1.000 1.999e-04 10.255 10.244 9.627 9.611 9.501 9.481 9.510
0.0002 -1.89055 10.07918 0.2000000179 2.2217823660    0.200 -1.973  3.6115  5.110    1  0.000  0.545     0.00     0.00     0.00     0.00     0.00 -1 -8.32e-16      0.00 7.379e-01 2.619e-01 3.596e-05 9.703e-06 8.800e-05 -1.000 2.000e-04 9.704 9.674 9.101 9.086 8.984 8.965 8.992
0.0002 -1.89055 10.07918 0.2500000000 2.4080900156    0.250 -1.772  3.6225  5.050    1  0.000  0.545     0.00     0.00     0.00     0.00     0.00 -1 -1.27e-15      0.00 7.382e-01 2.616e-01 3.596e-05 9.703e-06 8.800e-05 -1.000 2.000e-04 9.201 9.153 8.620 8.608 8.513 8.495 8.524
0.0002 -1.89055 10.07918 0.3000000417 2.5475041333    0.300 -1.618  3.6316  5.011    1  0.000  0.545     0.00     0.00     0.00     0.00     0.00 -1 -1.73e-15      0.00 7.383e-01 2.615e-01 3.595e-05 9.704e-06 8.800e-05 -1.000 2.001e-04 8.815 8.752 8.253 8.242 8.154 8.140 8.172
0.0002 -1.89055 10.07918 0.3499999940 2.6555200523    0.350 -1.491  3.6399  4.985    1  0.000  0.544     0.00     0.00     0.00     0.00     0.00 -1 -2.21e-15      0.00 7.380e-01 2.618e-01 3.592e-05 9.705e-06 8.800e-05 -1.000 2.000e-04 8.497 8.421 7.953 7.942 7.861 7.851 7.888
0.0002 -1.89055 10.07918 0.4000000060 2.7413371470    0.400 -1.364  3.6491  4.952    1  0.000  0.545     0.00     0.00     0.00     0.00     0.00 -1 -2.88e-15      0.00 7.503e-01 2.495e-01 3.596e-05 9.702e-06 8.799e-05 -1.000 2.000e-04 8.179 8.089 7.653 7.644 7.571 7.565 7.608
0.0002 -1.89055 10.07918 0.4500000179 2.8109800195    0.450 -1.207  3.6646  4.908    1  0.000  0.545     0.00     0.00     0.00     0.00     0.00 -1 -4.09e-15      0.00 7.507e-01 2.491e-01 3.596e-05 9.702e-06 8.799e-05 -1.000 2.000e-04 7.787 7.678 7.297 7.290 7.232 7.234 7.287
0.0002 -1.89055 10.07918 0.5000000000 2.8684779154    0.500 -1.031  3.6832  4.853    1  0.000  0.545     0.00     0.00     0.00     0.00     0.00 -1 -6.19e-15      0.00 7.507e-01 2.491e-01 3.596e-05 9.702e-06 8.799e-05 -1.000 2.000e-04 7.348 7.225 6.906 6.901 6.863 6.877 6.943
0.0002 -1.89055 10.07918 0.5500000715 2.9166349106    0.550 -0.825  3.7038  4.770    1  0.000  0.544     0.00     0.00     0.00     0.00     0.00 -1 -1.04e-14      0.00 7.847e-01 2.152e-01 3.136e-05 8.468e-06 7.683e-05 -1.000 1.000e-04 6.832 6.706 6.452 6.450 6.434 6.460 6.542
0.0002 -1.89055 10.07918 0.6000000238 2.9573988213    0.600 -0.615  3.7294  4.701    1  0.000  0.544     0.00     0.00     0.00     0.00     0.00 -1 -1.75e-14      0.00 7.972e-01 2.027e-01 2.975e-05 8.037e-06 7.296e-05 -1.000 1.465e-04 6.308 6.197 6.017 6.018 6.028 6.069 6.170
0.0002 -1.89055 10.07918 0.6082885265 2.9635623282    0.608 -0.579  3.7344  4.690    1  0.000  0.543     0.00     0.00     0.00     0.00     0.00 -1 -1.92e-14      0.00 7.997e-01 2.002e-01 2.942e-05 7.950e-06 7.218e-05 -1.000 1.643e-04 6.217 6.111 5.944 5.946 5.961 6.004 6.108
0.0002 -1.89055 10.07918 0.6192493439 2.9714810570    0.619 -0.530  3.7409  4.675    1  0.000  0.543     0.00     0.00     0.00     0.00     0.00 -1 -2.16e-14      0.00 8.032e-01 1.966e-01 2.897e-05 7.829e-06 7.109e-05 -1.000 1.824e-04 6.095 5.997 5.848 5.851 5.871 5.918 6.026
0.0002 -1.89055 10.07918 0.6298453212 2.9788963121    0.630 -0.482  3.7471  4.660    1  0.000  0.543     0.00     0.00     0.00     0.00     0.00 -1 -2.44e-14      0.00 8.067e-01 1.931e-01 2.852e-05 7.707e-06 7.000e-05 -1.000 1.931e-04 5.976 5.887 5.755 5.758 5.784 5.835 5.947
0.0002 -1.89055 10.07918 0.6396862268 2.9855772818    0.639 -0.438  3.7528  4.645    1  0.000  0.543     0.00     0.00     0.00     0.00     0.00 -1 -1.37e-16      0.00 8.102e-01 1.896e-01 2.807e-05 7.588e-06 6.893e-05 -1.000 1.818e-04 5.864 5.784 5.667 5.671 5.702 5.755 5.871
0.0002 -1.89055 10.07918 0.6488274932 2.9916071915    0.649 -0.396  3.7580  4.630    1  0.000  0.543     0.00     0.00     0.00     0.00     0.00 -1  -1.3e-14      0.00 8.136e-01 1.863e-01 2.764e-05 7.473e-06 6.790e-05 -1.000 1.449e-04 5.760 5.688 5.584 5.589 5.625 5.681 5.800
0.0002 -1.89055 10.07918 0.6499999762 2.9923687038    0.650 -0.390  3.7587  4.628    1  0.000  0.543     0.00     0.00     0.00     0.00     0.00 -1 -3.07e-14      0.00 8.140e-01 1.858e-01 2.758e-05 7.458e-06 6.776e-05 -1.000 1.829e-04 5.746 5.675 5.573 5.577 5.614 5.671 5.790
0.0002 -1.89055 10.07918 0.6553727388 2.9958244490    0.655 -0.366  3.7616  4.618    1  0.000  0.543     0.00     0.00     0.00     0.00     0.00 -1 -3.27e-14      0.00 8.165e-01 1.833e-01 2.726e-05 7.372e-06 6.699e-05 -1.000 2.000e-04 5.684 5.618 5.523 5.528 5.568 5.626 5.747
0.0002 -1.89055 10.07918 0.6674039364 3.0033671501    0.667 -0.309  3.7680  4.595    1  0.000  0.542     0.00     0.00     0.00     0.00     0.00 -1  -3.8e-14      0.00 8.224e-01 1.774e-01 2.650e-05 7.171e-06 6.519e-05 -1.000 1.886e-04 5.542 5.487 5.409 5.414 5.460 5.521 5.647
0.0002 -1.89055 10.07918 0.6784579754 3.0100685123    0.678 -0.255  3.7738  4.572    1  0.000  0.542     0.00     0.00     0.00     0.00     0.00 -1 -3.09e-14      0.00 8.282e-01 1.716e-01 2.575e-05 6.972e-06 6.340e-05 -1.000 1.567e-04 5.409 5.363 5.300 5.306 5.357 5.422 5.552
0.0002 -1.89055 10.07918 0.6889987588 3.0162644515    0.689 -0.203  3.7793  4.548    1  0.000  0.541     0.00     0.00     0.00     0.00     0.00 -1 -7.68e-15      0.00 8.342e-01 1.657e-01 2.499e-05 6.768e-06 6.157e-05 -1.000 1.171e-04 5.277 5.241 5.192 5.198 5.255 5.323 5.457
0.0002 -1.89055 10.07918 0.6988203526 3.0218744840    0.699 -0.152  3.7843  4.523    1  0.000  0.541     0.00     0.00     0.00     0.00     0.00 -1 -2.55e-14      0.00 8.401e-01 1.598e-01 2.423e-05 6.566e-06 5.976e-05 -1.000 1.903e-04 5.150 5.122 5.086 5.093 5.155 5.226 5.363
0.0002 -1.89055 10.07918 0.6999999881 3.0225380160    0.700 -0.146  3.7849  4.520    1  0.000  0.541     0.00     0.00     0.00     0.00     0.00 -1 -5.88e-14      0.00 8.408e-01 1.590e-01 2.414e-05 6.541e-06 5.953e-05 -1.000 2.000e-04 5.135 5.107 5.073 5.080 5.143 5.214 5.352
0.0002 -1.89055 10.07918 0.7092679143 3.0276766541    0.709 -0.095  3.7893  4.493    1  0.000  0.538     0.00     0.00     0.00     0.00     0.00 -1 -6.76e-14      0.00 8.462e-01 1.536e-01 2.345e-05 6.373e-06 5.806e-05 -1.000 1.810e-04 5.008 4.988 4.965 4.972 5.041 5.114 5.255
0.0002 -1.89055 10.07918 0.7177307010 3.0322564565    0.717 -0.046  3.7933  4.465    1  0.000  0.537     0.00     0.00     0.00     0.00     0.00 -1 -7.76e-14      0.00 8.508e-01 1.490e-01 2.288e-05 6.236e-06 5.684e-05 -1.000 1.638e-04 4.886 4.873 4.859 4.867 4.941 5.017 5.161
0.0002 -1.89055 10.07918 0.7260876894 3.0366773985    0.726  0.004  3.7972  4.435    1  0.000  0.535     0.00     0.00     0.00     0.00     0.00 -1 -8.98e-14      0.00 8.550e-01 1.449e-01 2.239e-05 6.118e-06 5.582e-05 -1.000 1.000e-04 4.759 4.752 4.748 4.757 4.835 4.913 5.061
0.0002 -1.89055 10.07918 0.7332658172 3.0403966881    0.733  0.050  3.8004  4.406    1  0.000  0.533     0.00     0.00     0.00     0.00     0.00 -1 -1.03e-13      0.00 8.581e-01 1.418e-01 2.204e-05 6.037e-06 5.512e-05 -1.000 9.999e-05 4.644 4.641 4.646 4.655 4.738 4.818 4.969
0.0002 -1.89055 10.07918 0.7402205467 3.0439335030    0.740  0.098  3.8034  4.375    1  0.000  0.532     0.00     0.00     0.00     0.00     0.00 -1 -1.18e-13      0.00 8.608e-01 1.390e-01 2.175e-05 5.971e-06 5.455e-05 -1.000 1.503e-04 4.526 4.526 4.539 4.549 4.636 4.718 4.872
0.0002 -1.89055 10.07918 0.7471762896 3.0474069676    0.747  0.148  3.8063  4.340    1  0.000  0.530     0.00     0.00     0.00     0.00     0.00 -1 -1.61e-14      0.00 8.633e-01 1.365e-01 2.149e-05 5.913e-06 5.406e-05 -1.000 1.945e-04 4.399 4.403 4.424 4.434 4.524 4.609 4.765
0.0002 -1.89055 10.07918 0.7500000000 3.0487992053    0.749  0.170  3.8074  4.324    1  0.000  0.529     0.00     0.00     0.00     0.00     0.00 -1 -1.47e-13      0.00 8.642e-01 1.356e-01 2.140e-05 5.892e-06 5.388e-05 -1.000 2.000e-04 4.345 4.350 4.374 4.384 4.476 4.562 4.719
0.0002 -1.89055 10.07918 0.7520057559 3.0497819904    0.751  0.185  3.8083  4.314    1  0.000  0.529     0.00     0.00     0.00     0.00     0.00 -1 -1.54e-13      0.00 8.644e-01 1.354e-01 2.141e-05 5.895e-06 5.391e-05 -1.000 1.958e-04 4.306 4.313 4.339 4.349 4.442 4.529 4.687
0.0002 -1.89055 10.07918 0.7585697174 3.0529629826    0.758  0.240  3.8110  4.273    1  0.000  0.529     0.00     0.00     0.00     0.00     0.00 -1 -1.82e-13      0.00 8.650e-01 1.349e-01 2.144e-05 5.906e-06 5.404e-05 -1.000 1.000e-04 4.170 4.179 4.212 4.223 4.320 4.409 4.569
0.0002 -1.89055 10.07918 0.7645759583 3.0558272888    0.764  0.294  3.8132  4.231    1  0.000  0.529     0.00     0.00     0.00     0.00     0.00 -1 -2.15e-13      0.00 8.654e-01 1.345e-01 2.147e-05 5.917e-06 5.415e-05 -1.000 9.996e-05 4.034 4.045 4.085 4.096 4.196 4.287 4.449
0.0002 -1.89055 10.07918 0.7701709867 3.0584565177    0.769  0.348  3.8147  4.187    1  0.000  0.529     0.00     0.00     0.00     0.00     0.00 -1 -2.55e-13      0.00 8.646e-01 1.353e-01 2.165e-05 5.970e-06 5.463e-05 -1.000 9.996e-05 3.900 3.912 3.956 3.967 4.070 4.162 4.326
0.0002 -1.89055 10.07918 0.7740042210 3.0602365635    0.773  0.388  3.8152  4.151    1  0.000  0.529     0.00     0.00     0.00     0.00     0.00 -1 -2.92e-13      0.00 8.636e-01 1.363e-01 2.182e-05 6.016e-06 5.506e-05 -1.000 9.996e-05 3.800 3.813 3.858 3.870 3.974 4.066 4.230
0.0002 -1.89055 10.07918 0.7752045393 3.0607904482    0.774  0.402  3.8151  4.138    1  0.000  0.528     0.00     0.00     0.00     0.00     0.00 -1 -3.06e-13      0.00 8.633e-01 1.366e-01 2.188e-05 6.031e-06 5.519e-05 -1.000 9.993e-05 3.766 3.778 3.823 3.835 3.938 4.031 4.195
0.0002 -1.89055 10.07918 0.7798489332 3.0629180210    0.779  0.458  3.8136  4.077    1  0.000  0.528     0.00     0.00     0.00     0.00     0.00 -1 -3.71e-13      0.00 8.621e-01 1.378e-01 2.208e-05 6.087e-06 5.571e-05 -1.000 1.000e-04 3.624 3.633 3.674 3.686 3.788 3.879 4.042
0.0002 -1.89055 10.07918 0.7833579779 3.0645092729    0.782  0.508  3.8106  4.018    1  0.000  0.528     0.00     0.00     0.00     0.00     0.00 -1 -4.45e-13      0.00 8.613e-01 1.386e-01 2.223e-05 6.129e-06 5.610e-05 -1.000 9.997e-05 3.501 3.505 3.538 3.550 3.648 3.737 3.898
0.0002 -1.89055 10.07918 0.7839543223 3.0647783251    0.783  0.517  3.8099  4.006    1  0.000  0.528     0.00     0.00     0.00     0.00     0.00 -1 -4.61e-13      0.00 8.611e-01 1.388e-01 2.226e-05 6.136e-06 5.616e-05 -1.000 9.999e-05 3.478 3.481 3.513 3.524 3.621 3.710 3.870
0.0002 -1.89055 10.07918 0.7845829725 3.0650615233    0.783  0.527  3.8088  3.992    2  0.000  0.528     0.00     0.00     0.00     0.00     0.00 -1 -4.82e-13      0.00 8.610e-01 1.389e-01 2.229e-05 6.144e-06 5.623e-05 -1.000 9.988e-05 3.452 3.453 3.482 3.493 3.588 3.677 3.836
0.0002 -1.89055 10.07918 0.7866991162 3.0660115919    0.785  0.566  3.8037  3.934    2  0.000  0.528     0.00     0.00     0.00     0.00     0.00 -1 -5.59e-13      0.00 8.604e-01 1.395e-01 2.238e-05 6.169e-06 5.646e-05 -1.000 9.997e-05 3.355 3.349 3.365 3.375 3.464 3.549 3.704
0.0002 -1.89055 10.07918 0.7883204818 3.0667361776    0.787  0.601  3.7973  3.874    2  0.000  0.528     0.00     0.00     0.00     0.00     0.00 -1 -6.48e-13      0.00 8.600e-01 1.399e-01 2.245e-05 6.189e-06 5.664e-05 -1.000 9.997e-05 3.268 3.253 3.252 3.261 3.342 3.422 3.572
0.0002 -1.89055 10.07918 0.7895916700 3.0673022518    0.788  0.632  3.7898  3.813    2  0.000  0.528     0.00     0.00     0.00     0.00     0.00 -1 -7.47e-13      0.00 8.595e-01 1.404e-01 2.254e-05 6.214e-06 5.687e-05 -1.000 1.109e-04 3.189 3.163 3.143 3.151 3.221 3.296 3.440
0.0002 -1.89055 10.07918 0.7906173468 3.0677577106    0.789  0.661  3.7814  3.752    2  0.000  0.529     0.00     0.00     0.00     0.00     0.00 -1 -8.56e-13      0.00 8.554e-01 1.444e-01 2.308e-05 6.360e-06 5.820e-05 -1.000 1.183e-04 3.117 3.082 3.039 3.046 3.104 3.173 3.309
0.0002 -1.89055 10.07918 0.7914784551 3.0681392078    0.790  0.687  3.7730  3.692    2  0.000  0.530     0.00     0.00     0.00     0.00     0.00 -1 -9.73e-13      0.00 8.390e-01 1.609e-01 2.510e-05 6.908e-06 6.313e-05 -1.000 1.242e-04 3.051 3.006 2.940 2.946 2.993 3.056 3.185
0.0002 -1.89055 10.07918 0.7922384739 3.0684752513    0.791  0.714  3.7652  3.635    2  0.000  0.533     0.00     0.00     0.00     0.00     0.00 -1 -1.11e-12      0.00 8.105e-01 1.894e-01 2.842e-05 7.797e-06 7.108e-05 -1.000 1.568e-04 2.985 2.930 2.844 2.848 2.885 2.943 3.065
0.0002 -1.89055 10.07918 0.7929130197 3.0687729796    0.791  0.743  3.7581  3.577    2  0.000  0.535     0.00     0.00     0.00     0.00     0.00 -1 -1.26e-12      0.00 7.918e-01 2.080e-01 3.059e-05 8.376e-06 7.625e-05 -1.000 1.324e-04 2.912 2.849 2.743 2.747 2.775 2.826 2.943
0.0002 -1.89055 10.07918 0.7935814261 3.0690675141    0.792  0.782  3.7517  3.514    2  0.000  0.536     0.00     0.00     0.00     0.00     0.00 -1 -1.48e-12      0.00 7.806e-01 2.192e-01 3.189e-05 8.724e-06 7.936e-05 -1.000 1.856e-04 2.816 2.747 2.623 2.626 2.645 2.692 2.803
0.0002 -1.89055 10.07918 0.7941091061 3.0692996977    0.792  0.820  3.7475  3.459    2  0.000  0.536     0.00     0.00     0.00     0.00     0.00 -1 -1.72e-12      0.00 7.752e-01 2.246e-01 3.252e-05 8.894e-06 8.087e-05 -1.000 1.999e-04 2.721 2.647 2.512 2.514 2.528 2.572 2.679
0.0002 -1.89055 10.07918 0.7944699526 3.0694582766    0.793  0.849  3.7449  3.420    2  0.000  0.536     0.00     0.00     0.00     0.00     0.00 -1 -1.93e-12      0.00 7.723e-01 2.275e-01 3.284e-05 8.980e-06 8.164e-05 -1.000 2.000e-04 2.648 2.572 2.429 2.431 2.441 2.483 2.588
0.0002 -1.89055 10.07918 0.7946340442 3.0695303516    0.793  0.864  3.7439  3.401    3  0.000  0.536     0.00     0.00     0.00     0.00     0.00 -1 -2.05e-12      0.00 7.714e-01 2.285e-01 3.295e-05 9.009e-06 8.191e-05 -1.000 1.104e-04 2.611 2.534 2.388 2.390 2.399 2.440 2.544
0.0002 -1.89055 10.07918 0.7950744033 3.0697236225    0.793  0.906  3.7417  3.350    3  0.000  0.537     0.00     0.00     0.00     0.00     0.00 -1 -2.38e-12      0.00 7.689e-01 2.309e-01 3.321e-05 9.079e-06 8.253e-05 -1.000 2.000e-04 2.505 2.426 2.274 2.276 2.281 2.321 2.423
0.0002 -1.89055 10.07918 0.7955561280 3.0699347974    0.794  0.956  3.7393  3.291    3  0.000  0.537     0.00     0.00     0.00     0.00     0.00 -1 -2.85e-12      0.00 7.665e-01 2.333e-01 3.343e-05 9.136e-06 8.304e-05 -1.000 2.000e-04 2.380 2.298 2.140 2.142 2.144 2.182 2.282
0.0002 -1.89055 10.07918 0.7959651351 3.0701138893    0.794  1.001  3.7376  3.239    3  0.000  0.537     0.00     0.00     0.00     0.00     0.00 -1 -3.36e-12      0.00 7.647e-01 2.351e-01 3.358e-05 9.178e-06 8.341e-05 -1.000 2.000e-04 2.267 2.183 2.021 2.022 2.022 2.058 2.156
0.0002 -1.89055 10.07918 0.7963560820 3.0702848970    0.794  1.048  3.7360  3.186    3  0.000  0.537     0.00     0.00     0.00     0.00     0.00 -1 -3.97e-12      0.00 7.632e-01 2.366e-01 3.370e-05 9.211e-06 8.371e-05 -1.000 2.000e-04 2.151 2.067 1.899 1.900 1.898 1.933 2.029
0.0002 -1.89055 10.07918 0.7967532277 3.0704584401    0.795  1.098  3.7343  3.130    3  0.000  0.537     0.00     0.00     0.00     0.00     0.00 -1 -4.76e-12      0.00 7.614e-01 2.384e-01 3.381e-05 9.243e-06 8.399e-05 -1.000 1.999e-04 2.026 1.940 1.768 1.768 1.763 1.797 1.892
0.0002 -1.89055 10.07918 0.7971181870 3.0706177622    0.795  1.148  3.7328  3.074    3  0.000  0.537     0.00     0.00     0.00     0.00     0.00 -1 -5.69e-12      0.00 7.600e-01 2.398e-01 3.389e-05 9.267e-06 8.419e-05 -1.000 2.000e-04 1.901 1.814 1.637 1.637 1.631 1.663 1.756
0.0002 -1.89055 10.07918 0.7974458933 3.0707606944    0.795  1.196  3.7314  3.019    3  0.000  0.536     0.00     0.00     0.00     0.00     0.00 -1 -6.78e-12      0.00 7.587e-01 2.411e-01 3.394e-05 9.288e-06 8.436e-05 -1.000 2.000e-04 1.779 1.691 1.510 1.510 1.501 1.532 1.624
0.0002 -1.89055 10.07918 0.7977324724 3.0708855898    0.795  1.243  3.7299  2.967    3  0.000  0.536     0.00     0.00     0.00     0.00     0.00 -1 -8.01e-12      0.00 7.576e-01 2.422e-01 3.397e-05 9.308e-06 8.450e-05 -1.000 2.000e-04 1.663 1.574 1.389 1.389 1.378 1.408 1.498
0.0002 -1.89055 10.07918 0.7980116606 3.0710071758    0.795  1.292  3.7284  2.912    3  0.000  0.535     0.00     0.00     0.00     0.00     0.00 -1 -9.55e-12      0.00 7.565e-01 2.433e-01 3.398e-05 9.331e-06 8.461e-05 -1.000 2.000e-04 1.541 1.450 1.261 1.260 1.247 1.276 1.365
0.0002 -1.89055 10.07918 0.7982794642 3.0711237220    0.795  1.343  3.7269  2.855    3  0.000  0.534     0.00     0.00     0.00     0.00     0.00 -1 -1.15e-11      0.00 7.555e-01 2.443e-01 3.395e-05 9.358e-06 8.470e-05 -1.000 2.000e-04 1.412 1.320 1.127 1.126 1.110 1.138 1.226
0.0002 -1.89055 10.07918 0.7985040545 3.0712214003    0.796  1.390  3.7254  2.802    3  0.000  0.533     0.00     0.00     0.00     0.00     0.00 -1 -1.36e-11      0.00 7.547e-01 2.451e-01 3.391e-05 9.393e-06 8.477e-05 -1.000 1.982e-04 1.295 1.202 1.004 1.002 0.985 1.011 1.098
0.0002 -1.89055 10.07918 0.7987089157 3.0713104489    0.796  1.437  3.7239  2.749    3  0.000  0.532     0.00     0.00     0.00     0.00     0.00 -1 -1.61e-11      0.00 7.541e-01 2.457e-01 3.387e-05 9.430e-06 8.483e-05 -1.000 1.991e-04 1.178 1.084 0.881 0.879 0.860 0.885 0.970
0.0002 -1.89055 10.07918 0.7989016175 3.0713941694    0.796  1.485  3.7224  2.695    3  0.000  0.531     0.00     0.00     0.00     0.00     0.00 -1 -1.91e-11      0.00 7.536e-01 2.462e-01 3.382e-05 9.473e-06 8.487e-05 -1.000 2.000e-04 1.057 0.962 0.755 0.753 0.731 0.755 0.839
0.0002 -1.89055 10.07918 0.7990719676 3.0714681446    0.796  1.532  3.7207  2.642    3  0.000  0.530     0.00     0.00     0.00     0.00     0.00 -1 -2.27e-11      0.00 7.532e-01 2.466e-01 3.377e-05 9.515e-06 8.490e-05 -1.000 2.000e-04 0.941 0.845 0.633 0.631 0.606 0.629 0.711
0.0002 -1.89055 10.07918 0.7992339134 3.0715384403    0.796  1.580  3.7191  2.587    3  0.000  0.530     0.00     0.00     0.00     0.00     0.00 -1  -2.7e-11      0.00 7.529e-01 2.469e-01 3.373e-05 9.550e-06 8.493e-05 -1.000 2.000e-04 0.819 0.723 0.505 0.503 0.476 0.497 0.578
0.0002 -1.89055 10.07918 0.7993767262 3.0716004067    0.795  1.627  3.7175  2.533    3  0.000  0.529     0.00     0.00     0.00     0.00     0.00 -1  -3.2e-11      0.00 7.528e-01 2.470e-01 3.371e-05 9.567e-06 8.494e-05 -1.000 2.000e-04 0.702 0.605 0.383 0.380 0.351 0.370 0.449
0.0002 -1.89055 10.07918 0.7995038629 3.0716555521    0.795  1.673  3.7159  2.481    3  0.000  0.529     0.00     0.00     0.00     0.00     0.00 -1 -3.77e-11      0.00 7.526e-01 2.472e-01 3.369e-05 9.579e-06 8.494e-05 -1.000 2.000e-04 0.588 0.491 0.263 0.260 0.229 0.247 0.324
0.0002 -1.89055 10.07918 0.7996249795 3.0717080697    0.795  1.720  3.7141  2.427    3  0.000  0.529     0.00     0.00     0.00     0.00     0.00 -1 -4.48e-11      0.00 7.526e-01 2.472e-01 3.369e-05 9.586e-06 8.495e-05 -1.000 2.000e-04 0.470 0.372 0.139 0.135 0.102 0.118 0.194
0.0002 -1.89055 10.07918 0.7997345924 3.0717555850    0.795  1.767  3.7125  2.374    3  0.000  0.529     0.00     0.00     0.00     0.00     0.00 -1  -5.3e-11      0.00 7.526e-01 2.472e-01 3.369e-05 9.586e-06 8.496e-05 -1.000 2.000e-04 0.353 0.254 0.016 0.012 -0.024 -0.009 0.066
0.0002 -1.89055 10.07918 0.7998311520 3.0717974309    0.795  1.812  3.7108  2.322    3  0.000  0.529     0.00     0.00     0.00     0.00     0.00 -1 -6.24e-11      0.00 7.526e-01 2.472e-01 3.369e-05 9.587e-06 8.496e-05 -1.000 1.999e-04 0.241 0.141 -0.103 -0.106 -0.145 -0.131 -0.059
0.0002 -1.89055 10.07918 0.7999197841 3.0718358322    0.795  1.856  3.7091  2.270    3  0.000  0.529     0.00     0.00     0.00     0.00     0.00 -1 -6.99e-11      0.00 7.526e-01 2.472e-01 3.369e-05 9.588e-06 8.496e-05 -1.000 2.000e-04 0.130 0.028 -0.220 -0.225 -0.266 -0.253 -0.182
0.0002 -1.89055 10.07918 0.8000000119 3.0718705846    0.794  1.900  3.7075  2.220    3  0.000  0.529     0.00     0.00     0.00     0.00     0.00 -1  -8.6e-11      0.00 7.526e-01 2.472e-01 3.369e-05 9.588e-06 8.496e-05 -1.000 2.000e-04 0.020 -0.082 -0.335 -0.340 -0.383 -0.372 -0.303
0.0002 -1.89055 10.07918 0.8000056744 3.0718730372    0.794  1.903  3.7074  2.217    3  0.000  0.529     0.00     0.00     0.00     0.00     0.00 -1  -8.7e-11      0.00 7.526e-01 2.472e-01 3.369e-05 9.588e-06 8.496e-05 -1.000 2.000e-04 0.013 -0.089 -0.343 -0.348 -0.391 -0.381 -0.311
0.0002 -1.89055 10.07918 0.8000810742 3.0719056913    0.794  1.947  3.7056  2.165    3  0.000  0.529     0.00     0.00     0.00     0.00     0.00 -1 -1.02e-10      0.00 7.526e-01 2.472e-01 3.369e-05 9.590e-06 8.496e-05 -1.000 2.000e-04 -0.099 -0.201 -0.461 -0.466 -0.512 -0.503 -0.435
0.0002 -1.89055 10.07918 0.8001503944 3.0719357069    0.794  1.992  3.7038  2.113    3  0.000  0.529     0.00     0.00     0.00     0.00     0.00 -1  -1.2e-10      0.00 7.526e-01 2.472e-01 3.369e-05 9.591e-06 8.496e-05 -1.000 2.000e-04 -0.210 -0.312 -0.578 -0.583 -0.632 -0.625 -0.559
0.0002 -1.89055 10.07918 0.8002160788 3.0719641432    0.793  2.037  3.7021  2.060    3  0.000  0.529     0.00     0.00     0.00     0.00     0.00 -1 -1.42e-10      0.00 7.526e-01 2.472e-01 3.369e-05 9.593e-06 8.496e-05 -1.000 1.999e-04 -0.323 -0.427 -0.698 -0.703 -0.755 -0.749 -0.685
0.0002 -1.89055 10.07918 0.8002738953 3.0719891695    0.793  2.080  3.7002  2.010    3  0.000  0.529     0.00     0.00     0.00     0.00     0.00 -1 -1.66e-10      0.00 7.526e-01 2.472e-01 3.369e-05 9.594e-06 8.496e-05 -1.000 2.001e-04 -0.429 -0.533 -0.810 -0.816 -0.870 -0.867 -0.804
0.0002 -1.89055 10.07918 0.8003295064 3.0720132376    0.792  2.123  3.6984  1.960    3  0.000  0.529     0.00     0.00     0.00     0.00     0.00 -1 -1.94e-10      0.00 7.526e-01 2.472e-01 3.368e-05 9.595e-06 8.496e-05 -1.000 2.000e-04 -0.538 -0.642 -0.925 -0.931 -0.988 -0.986 -0.925
0.0002 -1.89055 10.07918 0.8003873229 3.0720382565    0.792  2.168  3.6966  1.907    3  0.000  0.529     0.00     0.00     0.00     0.00     0.00 -1 -2.29e-10      0.00 7.526e-01 2.472e-01 3.368e-05 9.596e-06 8.497e-05 -1.000 2.000e-04 -0.649 -0.754 -1.043 -1.050 -1.110 -1.109 -1.050
0.0002 -1.89055 10.07918 0.8004389405 3.0720605899    0.791  2.191  3.6956  1.880    3  0.000  0.529     0.00     0.00     0.00     0.00     0.00 -1 -2.51e-10      0.00 7.526e-01 2.472e-01 3.368e-05 9.597e-06 8.497e-05 -1.000 2.000e-04 -0.708 -0.812 -1.105 -1.112 -1.173 -1.173 -1.114
0.0002 -1.89055 10.07918 0.8004670143 3.0720727353    0.791  2.183  3.6963  1.890    3  0.000  0.529     0.00     0.00     0.00     0.00     0.00 -1 -2.45e-10      0.00 7.526e-01 2.472e-01 3.368e-05 9.598e-06 8.497e-05 -1.000 1.999e-04 -0.687 -0.792 -1.082 -1.089 -1.149 -1.148 -1.090
0.0002 -1.89055 10.07918 0.8004707694 3.0720743598    0.791  2.182  3.6963  1.892    3  0.000  0.529     0.00     0.00     0.00     0.00     0.00 -1 -2.44e-10      0.00 7.526e-01 2.472e-01 3.368e-05 9.598e-06 8.497e-05 -1.000 2.000e-04 -0.684 -0.789 -1.079 -1.086 -1.146 -1.145 -1.086
0.0002 -1.89055 10.07918 0.8004950285 3.0720848541    0.791  2.208  3.6951  1.861    3  0.000  0.529     0.00     0.00     0.00     0.00     0.00 -1 -2.67e-10      0.00 7.526e-01 2.472e-01 3.368e-05 9.598e-06 8.497e-05 -1.000 1.999e-04 -0.750 -0.854 -1.149 -1.156 -1.217 -1.218 -1.160
0.0002 -1.89055 10.07918 0.8005318046 3.0721007619    0.790  2.249  3.6933  1.811    3  0.000  0.529     0.00     0.00     0.00     0.00     0.00 -1 -3.09e-10      0.00 7.526e-01 2.472e-01 3.368e-05 9.599e-06 8.497e-05 -1.000 2.000e-04 -0.854 -0.958 -1.259 -1.266 -1.331 -1.333 -1.277
0.0002 -1.89055 10.07918 0.8005660176 3.0721155597    0.790  2.290  3.6915  1.763    3  0.000  0.529     0.00     0.00     0.00     0.00     0.00 -1 -3.59e-10      0.00 7.526e-01 2.472e-01 3.368e-05 9.600e-06 8.497e-05 -1.000 2.000e-04 -0.956 -1.060 -1.367 -1.374 -1.442 -1.445 -1.391
0.0002 -1.89055 10.07918 0.8005976081 3.0721292220    0.789  2.331  3.6896  1.715    3  0.000  0.529     0.00     0.00     0.00     0.00     0.00 -1 -4.17e-10      0.00 7.526e-01 2.472e-01 3.368e-05 9.600e-06 8.497e-05 -1.000 2.000e-04 -1.057 -1.160 -1.474 -1.481 -1.552 -1.557 -1.505
0.0002 -1.89055 10.07918 0.8006253839 3.0721412336    0.788  2.368  3.6879  1.670    3  0.000  0.529     0.00     0.00     0.00     0.00     0.00 -1 -4.79e-10      0.00 7.526e-01 2.472e-01 3.368e-05 9.601e-06 8.497e-05 -1.000 2.000e-04 -1.151 -1.253 -1.574 -1.581 -1.655 -1.661 -1.611
0.0002 -1.89055 10.07918 0.8006523848 3.0721529094    0.788  2.407  3.6861  1.624    3  0.000  0.529     0.00     0.00     0.00     0.00     0.00 -1 -5.53e-10      0.00 7.525e-01 2.473e-01 3.368e-05 9.602e-06 8.497e-05 -1.000 2.000e-04 -1.248 -1.350 -1.677 -1.685 -1.761 -1.769 -1.721
0.0002 -1.89055 10.07918 0.8006761670 3.0721631926    0.787  2.444  3.6842  1.579    3  0.000  0.529     0.00     0.00     0.00     0.00     0.00 -1 -6.34e-10      0.00 7.525e-01 2.473e-01 3.368e-05 9.602e-06 8.497e-05 -1.000 2.000e-04 -1.340 -1.441 -1.775 -1.783 -1.862 -1.872 -1.826
0.0002 -1.89055 10.07918 0.8006991744 3.0721731402    0.786  2.482  3.6825  1.534    3  0.000  0.528     0.00     0.00     0.00     0.00     0.00 -1 -7.28e-10      0.00 7.525e-01 2.473e-01 3.368e-05 9.603e-06 8.497e-05 -1.000 2.000e-04 -1.435 -1.536 -1.876 -1.884 -1.966 -1.977 -1.933
0.0002 -1.89055 10.07918 0.8007196784 3.0721820049    0.785  2.518  3.6807  1.490    3  0.000  0.528     6.80     5.41     3.84     2.97     2.40  3 -8.33e-10      0.00 7.525e-01 2.473e-01 3.368e-05 9.603e-06 8.497e-05 -1.000 2.000e-04 -1.525 -1.625 -1.971 -1.980 -2.065 -2.078 -2.035
0.0002 -1.89055 10.07918 0.8007435203 3.0721923122    0.784  2.563  3.6785  1.436    3  0.000  0.528     7.63     5.97     4.22     3.27     2.64  3 -9.84e-10      0.00 7.525e-01 2.473e-01 3.368e-05 9.604e-06 8.497e-05 -1.000 2.000e-04 -1.637 -1.736 -2.091 -2.099 -2.188 -2.204 -2.163
0.0002 -1.89055 10.07918 0.8007647395 3.0722014851    0.783  2.606  3.6765  1.384    3  0.000  0.528     8.51     6.55     4.61     3.58     2.89  3 -1.15e-09      0.00 7.525e-01 2.473e-01 3.368e-05 9.604e-06 8.497e-05 -1.000 1.999e-04 -1.745 -1.842 -2.205 -2.214 -2.306 -2.323 -2.284
0.0002 -1.89055 10.07918 0.8007813692 3.0722086736    0.782  2.642  3.6744  1.339    3  0.000  0.528     9.36     7.10     4.99     3.87     3.13  3 -1.32e-09      0.00 7.525e-01 2.473e-01 3.368e-05 9.604e-06 8.497e-05 -1.000 2.000e-04 -1.835 -1.931 -2.302 -2.311 -2.407 -2.426 -2.389
0.0002 -1.89055 10.07918 0.8007990718 3.0722163256    0.781  2.683  3.6724  1.289    3  0.000  0.528    10.39     7.77     5.43     4.22     3.42  3 -1.54e-09      0.00 7.525e-01 2.473e-01 3.368e-05 9.605e-06 8.497e-05 -1.000 2.000e-04 -1.937 -2.031 -2.410 -2.420 -2.519 -2.540 -2.505
0.0002 -1.89055 10.07918 0.8008132577 3.0722224572    0.780  2.718  3.6705  1.246    3  0.000  0.528    11.39     8.40     5.85     4.55     3.69  3 -1.75e-09      0.00 7.525e-01 2.473e-01 3.368e-05 9.605e-06 8.497e-05 -1.000 2.000e-04 -2.025 -2.118 -2.504 -2.515 -2.617 -2.640 -2.606
0.0002 -1.89055 10.07918 0.8008281589 3.0722288978    0.778  2.757  3.6684  1.197    3  0.000  0.528    12.62     9.16     6.36     4.95     4.01  2 -2.03e-09      0.00 7.525e-01 2.473e-01 3.368e-05 9.605e-06 8.497e-05 -1.000 2.000e-04 -2.123 -2.213 -2.609 -2.620 -2.725 -2.751 -2.718
0.0002 -1.89055 10.07918 0.8008425236 3.0722351063    0.777  2.798  3.6662  1.148    3  0.000  0.528    14.01    10.02     6.92     5.40     4.38  2 -2.37e-09      0.00 7.525e-01 2.473e-01 3.368e-05 9.606e-06 8.497e-05 -1.000 2.000e-04 -2.224 -2.311 -2.716 -2.728 -2.837 -2.864 -2.834
0.0002 -1.89055 10.07918 0.8008558750 3.0722408766    0.775  2.837  3.6639  1.097    3  0.000  0.528    15.58    10.97     7.55     5.90     4.78  2 -2.75e-09      0.00 7.525e-01 2.473e-01 3.368e-05 9.606e-06 8.497e-05 -1.000 2.000e-04 -2.324 -2.408 -2.823 -2.835 -2.948 -2.977 -2.950
0.0002 -1.89055 10.07918 0.8008674383 3.0722458739    0.773  2.874  3.6619  1.051    3  0.000  0.528    17.16    11.91     8.16     6.39     5.18  2 -3.16e-09      0.00 7.525e-01 2.473e-01 3.368e-05 9.606e-06 8.497e-05 -1.000 2.000e-04 -2.416 -2.498 -2.921 -2.934 -3.051 -3.082 -3.056
0.0002 -1.89055 10.07918 0.8008788228 3.0722507939    0.771  2.913  3.6596  1.003    3  0.000  0.528    19.02    13.00     8.88     6.96     5.64  2 -3.65e-09      0.00 7.525e-01 2.473e-01 3.368e-05 9.606e-06 8.497e-05 -1.000 2.000e-04 -2.512 -2.590 -3.024 -3.037 -3.158 -3.191 -3.169
0.0002 -1.89055 10.07918 0.8008886576 3.0722550439    0.769  2.949  3.6577  0.958    3  0.000  0.528    20.90    14.08     9.58     7.52     6.09  2 -4.18e-09      0.00 7.525e-01 2.473e-01 3.368e-05 9.607e-06 8.497e-05 -1.000 2.001e-04 -2.602 -2.678 -3.120 -3.134 -3.258 -3.293 -3.272
0.0002 -1.89055 10.07918 0.8008982539 3.0722591909    0.767  2.985  3.6554  0.911    3  0.000  0.528    23.07    15.32    10.38     8.15     6.61  2 -4.81e-09      0.00 7.525e-01 2.473e-01 3.368e-05 9.607e-06 8.497e-05 -1.000 2.001e-04 -2.693 -2.765 -3.218 -3.233 -3.361 -3.397 -3.379
0.0002 -1.89055 10.07918 0.8009071946 3.0722630544    0.764  3.021  3.6533  0.865    3  0.000  0.528    25.41    16.63    11.23     8.83     7.16  1 -5.53e-09      0.00 7.525e-01 2.473e-01 3.368e-05 9.607e-06 8.497e-05 -1.000 1.999e-04 -2.784 -2.851 -3.315 -3.330 -3.463 -3.501 -3.484
0.0002 -1.89055 10.07918 0.8009150028 3.0722664285    0.762  3.055  3.6514  0.823    3  0.000  0.528    27.79    17.94    12.07     9.51     7.71  1 -6.28e-09      0.00 7.525e-01 2.473e-01 3.368e-05 9.607e-06 8.497e-05 -1.000 2.000e-04 -2.867 -2.929 -3.403 -3.419 -3.555 -3.595 -3.580
0.0002 -1.89055 10.07918 0.8009225726 3.0722696995    0.760  3.089  3.6492  0.779    3  0.000  0.528    30.48    19.41    13.01    10.26     8.32  1 -7.14e-09      0.00 7.525e-01 2.473e-01 3.368e-05 9.607e-06 8.497e-05 -1.000 2.000e-04 -2.951 -3.007 -3.493 -3.509 -3.650 -3.692 -3.680
0.0002 -1.89055 10.07918 0.8009296656 3.0722727643    0.757  3.122  3.6473  0.736    3  0.000  0.528    33.36    20.95    13.99    11.05     8.97  1 -8.11e-09      0.00 7.525e-01 2.473e-01 3.368e-05 9.607e-06 8.497e-05 -1.000 2.000e-04 -3.035 -3.086 -3.582 -3.598 -3.744 -3.787 -3.777
0.0002 -1.89055 10.07918 0.8009361029 3.0722755459    0.754  3.154  3.6452  0.694    3  0.000  0.528    36.42    22.57    15.02    11.88     9.64  1 -9.18e-09      0.00 7.525e-01 2.473e-01 3.368e-05 9.608e-06 8.497e-05 -1.000 2.000e-04 -3.115 -3.159 -3.667 -3.683 -3.833 -3.879 -3.870
0.0002 -1.89055 10.07918 0.8009425402 3.0722783273    0.751  3.187  3.6431  0.651    3  0.000  0.528    39.92    24.40    16.18    12.81    10.40  1 -1.05e-08      0.00 7.525e-01 2.473e-01 3.368e-05 9.608e-06 8.497e-05 -1.000 2.000e-04 -3.198 -3.235 -3.755 -3.772 -3.926 -3.974 -3.968
0.0002 -1.89055 10.07918 0.8009482622 3.0722807997    0.747  3.218  3.6413  0.611    3  0.000  0.528    43.41    26.19    17.31    13.72    11.14  1 -1.18e-08      0.00 7.525e-01 2.473e-01 3.368e-05 9.608e-06 8.497e-05 -1.000 2.000e-04 -3.275 -3.307 -3.837 -3.855 -4.012 -4.062 -4.058
0.0002 -1.89055 10.07918 0.8009538651 3.0722832206    0.744  3.248  3.6393  0.570    3  0.000  0.528    47.25    28.14    18.54    14.71    11.94  1 -1.33e-08      0.00 7.525e-01 2.473e-01 3.368e-05 9.608e-06 8.497e-05 -1.000 2.000e-04 -3.351 -3.376 -3.918 -3.936 -4.098 -4.150 -4.147
0.0002 -1.89055 10.07918 0.8009585142 3.0722852293    0.740  3.272  3.6379  0.539    3  0.000  0.528    50.49    29.76    19.55    15.53    12.61  1 -1.47e-08      0.00 7.525e-01 2.473e-01 3.368e-05 9.608e-06 8.497e-05 -1.000 2.000e-04 -3.410 -3.430 -3.980 -3.999 -4.164 -4.217 -4.217
0.0002 -1.89055 10.07918 0.8009585142 3.0722852293    0.740  1.681  3.8752  3.079    4  0.000  0.531     0.00     0.00     0.00     0.00     0.00 -1    -1e-30      0.00 7.541e-01 2.457e-01 3.371e-05 9.483e-06 8.466e-05 -1.000 2.000e-04 0.569 0.634 0.841 0.865 1.094 1.234 1.448
0.0002 -1.89055 10.07918 0.8009617925 3.0722866457    0.740  1.686  3.8724  3.063    4  0.000  0.531     0.00     0.00     0.00     0.00     0.00 -1    -1e-30      0.00 7.541e-01 2.457e-01 3.371e-05 9.483e-06 8.466e-05 -1.000 2.000e-04 0.556 0.616 0.816 0.839 1.064 1.202 1.414
0.0002 -1.89055 10.07918 0.8010164499 3.0723102595    0.740  1.704  3.8636  3.010    4  0.000  0.531     0.00     0.00     0.00     0.00     0.00 -1    -1e-30      0.00 7.541e-01 2.457e-01 3.371e-05 9.483e-06 8.466e-05 -1.000 2.000e-04 0.511 0.552 0.732 0.754 0.964 1.097 1.304
0.0002 -1.89055 10.07918 0.8010717630 3.0723341532    0.740  1.704  3.8644  3.013    4  0.000  0.531     0.00     0.00     0.00     0.00     0.00 -1    -1e-30      0.00 7.541e-01 2.457e-01 3.371e-05 9.483e-06 8.466e-05 -1.000 2.000e-04 0.510 0.552 0.734 0.756 0.968 1.101 1.308
0.0002 -1.89055 10.07918 0.8011282086 3.0723585326    0.740  1.704  3.8655  3.017    4  0.000  0.531     0.00     0.00     0.00     0.00     0.00 -1    -1e-30      0.00 7.541e-01 2.457e-01 3.371e-05 9.483e-06 8.466e-05 -1.000 2.000e-04 0.509 0.555 0.739 0.761 0.975 1.109 1.317
0.0002 -1.89055 10.07918 0.8011841774 3.0723827025    0.741  1.704  3.8667  3.022    4  0.000  0.531     0.00     0.00     0.00     0.00     0.00 -1    -1e-30      0.00 7.541e-01 2.457e-01 3.371e-05 9.483e-06 8.466e-05 -1.000 2.000e-04 0.510 0.557 0.745 0.767 0.983 1.117 1.326
0.0002 -1.89055 10.07918 0.8012368083 3.0724054279    0.741  1.704  3.8679  3.027    4  0.000  0.531     0.00     0.00     0.00     0.00     0.00 -1    -1e-30      0.00 7.541e-01 2.457e-01 3.371e-05 9.483e-06 8.466e-05 -1.000 1.999e-04 0.510 0.560 0.750 0.773 0.990 1.126 1.335
0.0002 -1.89055 10.07918 0.8012885451 3.0724277642    0.741  1.704  3.8690  3.032    4  0.000  0.531     0.00     0.00     0.00     0.00     0.00 -1    -1e-30      0.00 7.541e-01 2.457e-01 3.371e-05 9.483e-06 8.466e-05 -1.000 1.999e-04 0.510 0.563 0.755 0.778 0.998 1.134 1.343
0.0002 -1.89055 10.07918 0.8013409376 3.0724503806    0.741  1.704  3.8700  3.036    4  0.000  0.531     0.00     0.00     0.00     0.00     0.00 -1    -1e-30      0.00 7.541e-01 2.457e-01 3.371e-05 9.483e-06 8.466e-05 -1.000 1.999e-04 0.511 0.565 0.760 0.783 1.004 1.141 1.351
0.0002 -1.89055 10.07918 0.8013956547 3.0724739972    0.741  1.703  3.8708  3.039    4  0.000  0.531     0.00     0.00     0.00     0.00     0.00 -1    -1e-30      0.00 7.541e-01 2.457e-01 3.371e-05 9.483e-06 8.466e-05 -1.000 2.001e-04 0.511 0.567 0.764 0.787 1.010 1.147 1.358
0.0002 -1.89055 10.07918 0.8014496565 3.0724973019    0.741  1.704  3.8712  3.041    4  0.000  0.531     0.00     0.00     0.00     0.00     0.00 -1    -1e-30      0.00 7.541e-01 2.457e-01 3.371e-05 9.483e-06 8.466e-05 -1.000 2.000e-04 0.511 0.568 0.766 0.789 1.012 1.150 1.361
0.0002 -1.89055 10.07918 0.8015052080 3.0725212720    0.741  1.704  3.8713  3.041    4  0.000  0.531     0.00     0.00     0.00     0.00     0.00 -1    -1e-30      0.00 7.541e-01 2.457e-01 3.371e-05 9.483e-06 8.466e-05 -1.000 2.001e-04 0.510 0.568 0.765 0.789 1.012 1.150 1.361
0.0002 -1.89055 10.07918 0.8015603423 3.0725450587    0.741  1.704  3.8710  3.040    4  0.000  0.531     0.00     0.00     0.00     0.00     0.00 -1    -1e-30      0.00 7.541e-01 2.457e-01 3.371e-05 9.483e-06 8.466e-05 -1.000 1.999e-04 0.509 0.566 0.763 0.786 1.009 1.147 1.358
0.0002 -1.89055 10.07918 0.8016147614 3.0725685335    0.741  1.705  3.8702  3.036    4  0.000  0.531     0.00     0.00     0.00     0.00     0.00 -1    -1e-30      0.00 7.541e-01 2.457e-01 3.371e-05 9.483e-06 8.466e-05 -1.000 1.999e-04 0.507 0.562 0.757 0.781 1.002 1.139 1.350
0.0002 -1.89055 10.07918 0.8016675115 3.0725912853    0.741  1.706  3.8689  3.029    4  0.000  0.531     0.00     0.00     0.00     0.00     0.00 -1    -1e-30      0.00 7.541e-01 2.457e-01 3.371e-05 9.483e-06 8.466e-05 -1.000 1.999e-04 0.505 0.557 0.749 0.772 0.992 1.128 1.337
0.0002 -1.89055 10.07918 0.8016905785 3.0726012334    0.741  1.707  3.8683  3.026    4  0.000  0.531     0.00     0.00     0.00     0.00     0.00 -1    -1e-30      0.00 7.541e-01 2.457e-01 3.371e-05 9.483e-06 8.466e-05 -1.000 2.000e-04 0.503 0.554 0.745 0.768 0.986 1.122 1.331
0.0002 -1.89055 10.07918 0.8017026782 3.0726064514    0.741  1.707  3.8678  3.024    4  0.000  0.531     0.00     0.00     0.00     0.00     0.00 -1    -1e-30      0.00 7.541e-01 2.457e-01 3.371e-05 9.483e-06 8.466e-05 -1.000 2.000e-04 0.503 0.552 0.742 0.765 0.982 1.117 1.326
0.0002 -1.89055 10.07918 0.8017557263 3.0726293266    0.741  1.709  3.8654  3.013    4  0.000  0.531     0.00     0.00     0.00     0.00     0.00 -1    -1e-30      0.00 7.541e-01 2.457e-01 3.371e-05 9.483e-06 8.466e-05 -1.000 1.999e-04 0.499 0.543 0.728 0.750 0.963 1.097 1.305
0.0002 -1.89055 10.07918 0.8018094897 3.0726525070    0.741  1.711  3.8624  2.999    4  0.000  0.531     0.00     0.00     0.00     0.00     0.00 -1    -1e-30      0.00 7.541e-01 2.457e-01 3.371e-05 9.483e-06 8.466e-05 -1.000 2.000e-04 0.493 0.532 0.710 0.731 0.939 1.071 1.277
0.0002 -1.89055 10.07918 0.8018623590 3.0726752988    0.741  1.713  3.8588  2.982    4  0.000  0.531     0.00     0.00     0.00     0.00     0.00 -1    -1e-30      0.00 7.541e-01 2.457e-01 3.371e-05 9.483e-06 8.466e-05 -1.000 2.000e-04 0.488 0.521 0.689 0.710 0.912 1.041 1.245
0.0002 -1.89055 10.07918 0.8019143939 3.0726977279    0.741  1.716  3.8546  2.963    4  0.000  0.531     0.00     0.00     0.00     0.00     0.00 -1    -1e-30      0.00 7.541e-01 2.457e-01 3.371e-05 9.483e-06 8.466e-05 -1.000 2.000e-04 0.481 0.507 0.665 0.685 0.880 1.007 1.207
0.0002 -1.89055 10.07918 0.8019661903 3.0727200513    0.741  1.719  3.8497  2.940    4  0.000  0.531     0.00     0.00     0.00     0.00     0.00 -1    -1e-30      0.00 7.541e-01 2.457e-01 3.371e-05 9.483e-06 8.466e-05 -1.000 2.000e-04 0.473 0.491 0.637 0.656 0.842 0.966 1.163
0.0002 -1.89055 10.07918 0.8020176888 3.0727422433    0.741  1.722  3.8443  2.915    4  0.000  0.531     0.00     0.00     0.00     0.00     0.00 -1    -1e-30      0.00 7.541e-01 2.457e-01 3.371e-05 9.483e-06 8.466e-05 -1.000 2.000e-04 0.465 0.475 0.606 0.625 0.801 0.922 1.115
0.0002 -1.89055 10.07918 0.8020692468 3.0727644580    0.741  1.726  3.8383  2.887    4  0.000  0.531     0.00     0.00     0.00     0.00     0.00 -1    -1e-30      0.00 7.541e-01 2.457e-01 3.371e-05 9.483e-06 8.466e-05 -1.000 1.999e-04 0.455 0.456 0.573 0.590 0.756 0.872 1.061
0.0002 -1.89055 10.07918 0.8020740747 3.0727665381    0.742  1.726  3.8377  2.885    4  0.000  0.531     0.00     0.00     0.00     0.00     0.00 -1    -1e-30      0.00 7.541e-01 2.457e-01 3.371e-05 9.483e-06 8.466e-05 -1.000 2.000e-04 0.454 0.454 0.570 0.586 0.752 0.868 1.055
0.0002 -1.89055 10.07918 0.8020834923 3.0727705954    0.742  1.727  3.8365  2.879    4  0.000  0.531     0.00     0.00     0.00     0.00     0.00 -1    -1e-30      0.00 7.541e-01 2.457e-01 3.371e-05 9.483e-06 8.466e-05 -1.000 2.000e-04 0.452 0.451 0.563 0.580 0.743 0.858 1.045
0.0002 -1.89055 10.07918 0.8021389842 3.0727945010    0.742  1.732  3.8295  2.846    4  0.000  0.531     0.00     0.00     0.00     0.00     0.00 -1    -1e-30      0.00 7.541e-01 2.457e-01 3.371e-05 9.483e-06 8.466e-05 -1.000 2.000e-04 0.441 0.430 0.524 0.540 0.690 0.800 0.981
0.0002 -1.89055 10.07918 0.8021931052 3.0728178128    0.742  1.736  3.8226  2.814    4  0.000  0.531     0.00     0.00     0.00     0.00     0.00 -1    -1e-30      0.00 7.541e-01 2.457e-01 3.371e-05 9.483e-06 8.466e-05 -1.000 2.000e-04 0.430 0.410 0.486 0.500 0.639 0.744 0.920
0.0002 -1.89055 10.07918 0.8022509813 3.0728427385    0.742  1.742  3.8147  2.777    4  0.000  0.531     0.00     0.00     0.00     0.00     0.00 -1    -1e-30      0.00 7.541e-01 2.457e-01 3.371e-05 9.483e-06 8.466e-05 -1.000 2.000e-04 0.416 0.387 0.442 0.455 0.580 0.679 0.849
0.0002 -1.89055 10.07918 0.8023061156 3.0728664798    0.742  1.747  3.8069  2.741    4  0.000  0.531     0.00     0.00     0.00     0.00     0.00 -1    -1e-30      0.00 7.541e-01 2.457e-01 3.371e-05 9.483e-06 8.466e-05 -1.000 2.000e-04 0.402 0.364 0.398 0.410 0.521 0.615 0.778
0.0002 -1.89055 10.07918 0.8023589253 3.0728892171    0.742  1.753  3.8004  2.709    4  0.000  0.531     0.00     0.00     0.00     0.00     0.00 -1    -1e-30      0.00 7.541e-01 2.457e-01 3.371e-05 9.483e-06 8.466e-05 -1.000 2.000e-04 0.388 0.343 0.360 0.371 0.471 0.560 0.717
0.0002 -1.89055 10.07918 0.8024134040 3.0729126697    0.742  1.759  3.7935  2.675    4  0.000  0.531     0.00     0.00     0.00     0.00     0.00 -1    -1e-30      0.00 7.541e-01 2.457e-01 3.371e-05 9.483e-06 8.466e-05 -1.000 2.000e-04 0.372 0.320 0.318 0.328 0.417 0.500 0.652
0.0002 -1.89055 10.07918 0.8024668694 3.0729356830    0.742  1.765  3.7878  2.646    4  0.000  0.531     0.00     0.00     0.00     0.00     0.00 -1    -1e-30      0.00 7.541e-01 2.457e-01 3.371e-05 9.483e-06 8.466e-05 -1.000 2.000e-04 0.358 0.300 0.282 0.291 0.371 0.449 0.596
0.0002 -1.89055 10.07918 0.8025209904 3.0729589752    0.742  1.771  3.7823  2.618    4  0.000  0.531     0.00     0.00     0.00     0.00     0.00 -1    -1e-30      0.00 7.541e-01 2.457e-01 3.371e-05 9.483e-06 8.466e-05 -1.000 1.999e-04 0.342 0.279 0.246 0.254 0.325 0.399 0.541
0.0002 -1.89055 10.07918 0.8025751114 3.0729822642    0.742  1.778  3.7773  2.591    4  0.000  0.531     0.00     0.00     0.00     0.00     0.00 -1    -1e-30      0.00 7.541e-01 2.457e-01 3.371e-05 9.483e-06 8.466e-05 -1.000 2.000e-04 0.324 0.257 0.210 0.217 0.280 0.350 0.487
0.0002 -1.89055 10.07918 0.8026296496 3.0730057296    0.742  1.788  3.7718  2.560    4  0.000  0.531     0.00     0.00     0.00     0.00     0.00 -1    -1e-30      0.00 7.541e-01 2.457e-01 3.371e-05 9.483e-06 8.466e-05 -1.000 2.000e-04 0.300 0.229 0.166 0.173 0.227 0.293 0.424
0.0002 -1.89055 10.07918 0.8026404381 3.0730103709    0.742  1.778  3.7754  2.584    4  0.000  0.531     0.00     0.00     0.00     0.00     0.00 -1    -1e-30      0.00 7.541e-01 2.457e-01 3.371e-05 9.483e-06 8.466e-05 -1.000 2.000e-04 0.325 0.257 0.204 0.211 0.271 0.340 0.475
0.0002 -1.89055 10.07918 0.8026964068 3.0730344477    0.742  1.793  3.7679  2.539    4  0.000  0.531     0.00     0.00     0.00     0.00     0.00 -1    -1e-30      0.00 7.541e-01 2.457e-01 3.371e-05 9.483e-06 8.466e-05 -1.000 2.000e-04 0.287 0.213 0.139 0.146 0.194 0.256 0.384
0.0002 -1.89055 10.07918 0.8027514815 3.0730581364    0.742  1.812  3.7611  2.493    4  0.000  0.531     0.00     0.00     0.00     0.00     0.00 -1    -1e-30      0.00 7.541e-01 2.457e-01 3.371e-05 9.483e-06 8.466e-05 -1.000 2.000e-04 0.241 0.161 0.069 0.073 0.111 0.168 0.289
0.0002 -1.89055 10.07918 0.8027979136 3.0730781052    0.742  1.840  3.7532  2.433    4  0.000  0.531     0.00     0.00     0.00     0.00     0.00 -1    -1e-30      0.00 7.541e-01 2.457e-01 3.371e-05 9.483e-06 8.466e-05 -1.000 2.000e-04 0.170 0.084 -0.031 -0.028 -0.003 0.047 0.162
0.0002 -1.89055 10.07918 0.8028230667 3.0730889217    0.742  1.873  3.7454  2.369    4  0.000  0.531     0.00     0.00     0.00     0.00     0.00 -1    -1e-30      0.00 7.541e-01 2.457e-01 3.371e-05 9.483e-06 8.466e-05 -1.000 1.999e-04 0.086 -0.005 -0.143 -0.141 -0.127 -0.083 0.024
0.0002 -1.89055 10.07918 0.8028343916 3.0730937915    0.742  1.909  3.7384  2.306    4  0.000  0.531     0.00     0.00     0.00     0.00     0.00 -1    -1e-30      0.00 7.541e-01 2.457e-01 3.371e-05 9.483e-06 8.466e-05 -1.000 2.000e-04 -0.001 -0.098 -0.255 -0.255 -0.252 -0.214 -0.113
0.0002 -1.89055 10.07918 0.8028394580 3.0730959700    0.742  1.946  3.7321  2.243    4  0.000  0.531     0.00     0.00     0.00     0.00     0.00 -1    -1e-30      0.00 7.541e-01 2.457e-01 3.371e-05 9.483e-06 8.466e-05 -1.000 2.000e-04 -0.094 -0.194 -0.370 -0.371 -0.377 -0.344 -0.249
0.0002 -1.89055 10.07918 0.8028418422 3.0730969952    0.742  1.983  3.7270  2.186    4  0.000  0.531     0.00     0.00     0.00     0.00     0.00 -1    -1e-30      0.00 7.541e-01 2.457e-01 3.371e-05 9.483e-06 8.466e-05 -1.000 2.000e-04 -0.186 -0.289 -0.481 -0.482 -0.495 -0.467 -0.377
0.0002 -1.89055 10.07918 0.8028428555 3.0730974309    0.742  2.008  3.7241  2.149    7  0.000  0.531     0.00     0.00     0.00     0.00     0.00 -1    -1e-30      0.00 7.541e-01 2.457e-01 3.371e-05 9.483e-06 8.466e-05 -1.000 2.000e-04 -0.250 -0.354 -0.555 -0.556 -0.574 -0.549 -0.462
0.0002 -1.89055 10.07918 0.8028438091 3.0730978410    0.742  2.046  3.7205  2.096    7  0.000  0.531     0.00     0.00     0.00     0.00     0.00 -1    -1e-30      0.00 7.541e-01 2.457e-01 3.371e-05 9.483e-06 8.466e-05 -1.000 2.000e-04 -0.345 -0.450 -0.662 -0.664 -0.688 -0.665 -0.582
0.0002 -1.89055 10.07918 0.8028447628 3.0730982510    0.742  2.084  3.7173  2.046    7  0.000  0.531     0.00     0.00     0.00     0.00     0.00 -1    -1e-30      0.00 7.541e-01 2.457e-01 3.371e-05 9.483e-06 8.466e-05 -1.000 2.000e-04 -0.440 -0.546 -0.768 -0.771 -0.799 -0.779 -0.699
0.0002 -1.89055 10.07918 0.8028456569 3.0730986355    0.742  2.118  3.7147  2.002    7  0.000  0.531     0.00     0.00     0.00     0.00     0.00 -1    -1e-30      0.00 7.541e-01 2.457e-01 3.371e-05 9.483e-06 8.466e-05 -1.000 1.999e-04 -0.525 -0.631 -0.861 -0.864 -0.896 -0.879 -0.801
0.0002 -1.89055 10.07918 0.8028466105 3.0730990456    0.742  2.140  3.7131  1.973    7  0.000  0.531     0.00     0.00     0.00     0.00     0.00 -1    -1e-30      0.00 7.541e-01 2.457e-01 3.371e-05 9.483e-06 8.466e-05 -1.000 1.999e-04 -0.580 -0.687 -0.922 -0.926 -0.960 -0.944 -0.867
0.0002 -1.89055 10.07918 0.8028479218 3.0730996094    0.742  2.167  3.7113  1.939    7  0.000  0.531     0.00     0.00     0.00     0.00     0.00 -1    -1e-30      0.00 7.541e-01 2.457e-01 3.371e-05 9.483e-06 8.466e-05 -1.000 2.000e-04 -0.648 -0.755 -0.996 -1.000 -1.037 -1.022 -0.947
0.0002 -1.89055 10.07918 0.8028504848 3.0731007114    0.742  2.148  3.7128  1.964    7  0.000  0.531     0.00     0.00     0.00     0.00     0.00 -1    -1e-30      0.00 7.541e-01 2.457e-01 3.371e-05 9.483e-06 8.466e-05 -1.000 2.000e-04 -0.600 -0.707 -0.943 -0.947 -0.981 -0.965 -0.889
0.0002 -1.89055 10.07918 0.8028547764 3.0731025567    0.742  2.119  3.7149  2.002    7  0.000  0.531     0.00     0.00     0.00     0.00     0.00 -1    -1e-30      0.00 7.541e-01 2.457e-01 3.371e-05 9.483e-06 8.466e-05 -1.000 2.000e-04 -0.526 -0.632 -0.862 -0.865 -0.897 -0.879 -0.801
0.0002 -1.89055 10.07918 0.8028804064 3.0731135767    0.742  2.146  3.7125  1.965    7  0.000  0.531     0.00     0.00     0.00     0.00     0.00 -1    -1e-30      0.00 7.541e-01 2.457e-01 3.371e-05 9.483e-06 8.466e-05 -1.000 2.000e-04 -0.594 -0.701 -0.938 -0.942 -0.976 -0.961 -0.885
0.0002 -1.89055 10.07918 0.8028959632 3.0731202652    0.742  2.179  3.7100  1.921    7  0.000  0.531     0.00     0.00     0.00     0.00     0.00 -1    -1e-30      0.00 7.541e-01 2.457e-01 3.371e-05 9.483e-06 8.466e-05 -1.000 2.000e-04 -0.678 -0.785 -1.031 -1.035 -1.074 -1.060 -0.987
0.0002 -1.89055 10.07918 0.8029148579 3.0731283884    0.742  2.222  3.7070  1.866    7  0.000  0.531     0.00     0.00     0.00     0.00     0.00 -1    -1e-30      0.00 7.541e-01 2.457e-01 3.371e-05 9.483e-06 8.466e-05 -1.000 2.000e-04 -0.786 -0.894 -1.149 -1.154 -1.197 -1.186 -1.116
0.0002 -1.89055 10.07918 0.8029341102 3.0731366650    0.742  2.277  3.7033  1.797    7  0.000  0.531     0.00     0.00     0.00     0.00     0.00 -1    -1e-30      0.00 7.541e-01 2.457e-01 3.371e-05 9.483e-06 8.466e-05 -1.000 2.000e-04 -0.922 -1.031 -1.298 -1.304 -1.352 -1.344 -1.278
0.0002 -1.89055 10.07918 0.8029515147 3.0731441468    0.742  2.325  3.7003  1.737    7  0.000  0.531     0.00     0.00     0.00     0.00     0.00 -1    -1e-30      0.00 7.541e-01 2.457e-01 3.371e-05 9.483e-06 8.466e-05 -1.000 2.000e-04 -1.042 -1.151 -1.428 -1.434 -1.487 -1.482 -1.418
0.0002 -1.89055 10.07918 0.8029668331 3.0731507316    0.742  2.368  3.6976  1.683    7  0.000  0.531     0.00     0.00     0.00     0.00     0.00 -1    -1e-30      0.00 7.541e-01 2.457e-01 3.370e-05 9.483e-06 8.466e-05 -1.000 1.774e-04 -1.151 -1.260 -1.547 -1.553 -1.610 -1.607 -1.546
0.0002 -1.89055 10.07918 0.8029803634 3.0731565476    0.742  2.411  3.6950  1.629    7  0.000  0.530     0.00     0.00     0.00     0.00     0.00 -1    -1e-30      0.00 7.542e-01 2.456e-01 3.367e-05 9.490e-06 8.466e-05 -1.000 1.705e-04 -1.259 -1.368 -1.663 -1.670 -1.731 -1.730 -1.672
0.0002 -1.89055 10.07918 0.8029922843 3.0731616716    0.743  2.453  3.6925  1.577    7  0.000  0.528     0.00     0.00     0.00     0.00     0.00 -1    -1e-30      0.00 7.542e-01 2.456e-01 3.355e-05 9.543e-06 8.466e-05 -1.000 1.707e-04 -1.364 -1.472 -1.776 -1.783 -1.848 -1.850 -1.794
0.0002 -1.89055 10.07918 0.8030028343 3.0731662062    0.743  2.494  3.6901  1.527    7  0.000  0.522     0.00     0.00     0.00     0.00     0.00 -1    -1e-30      0.00 7.542e-01 2.457e-01 3.317e-05 9.831e-06 8.466e-05 -1.000 1.729e-04 -1.466 -1.573 -1.887 -1.894 -1.963 -1.967 -1.914
0.0002 -1.89055 10.07918 0.8030124307 3.0731703308    0.743  2.536  3.6876  1.476    7  0.000  0.510     6.88     5.48     3.88     3.01     2.43  3    -1e-30      0.00 7.541e-01 2.457e-01 3.241e-05 1.063e-05 8.467e-05 -1.000 2.000e-04 -1.569 -1.675 -1.998 -2.005 -2.078 -2.084 -2.034
0.0002 -1.89055 10.07918 0.8030211926 3.0731740967    0.743  2.577  3.6852  1.425    7  0.000  0.496     7.67     6.00     4.24     3.29     2.66  3    -1e-30      0.00 7.540e-01 2.458e-01 3.148e-05 1.176e-05 8.468e-05 -1.000 2.000e-04 -1.672 -1.777 -2.109 -2.116 -2.193 -2.202 -2.154
0.0002 -1.89055 10.07918 0.8030293584 3.0731776062    0.743  2.618  3.6827  1.374    7  0.000  0.482     8.55     6.59     4.63     3.60     2.91  3    -1e-30      0.00 7.539e-01 2.459e-01 3.062e-05 1.282e-05 8.469e-05 -1.000 2.000e-04 -1.775 -1.880 -2.220 -2.228 -2.309 -2.320 -2.274
0.0002 -1.89055 10.07918 0.8030369878 3.0731808852    0.743  2.659  3.6801  1.322    7  0.000  0.470     9.54     7.22     5.06     3.94     3.18  3    -1e-30      0.00 7.538e-01 2.461e-01 2.987e-05 1.374e-05 8.470e-05 -1.000 1.569e-04 -1.877 -1.980 -2.331 -2.339 -2.424 -2.437 -2.394
0.0002 -1.89055 10.07918 0.8030442595 3.0731840104    0.743  2.700  3.6777  1.272    7  0.000  0.460    10.62     7.91     5.52     4.30     3.48  3    -1e-30      0.00 7.536e-01 2.462e-01 2.922e-05 1.454e-05 8.471e-05 -1.000 2.000e-04 -1.979 -2.080 -2.440 -2.449 -2.538 -2.554 -2.512
0.0002 -1.89055 10.07918 0.8030512333 3.0731870075    0.743  2.740  3.6752  1.222    7  0.000  0.451    11.81     8.66     6.02     4.69     3.80  2    -1e-30      0.00 7.534e-01 2.464e-01 2.865e-05 1.524e-05 8.471e-05 -1.000 2.000e-04 -2.079 -2.178 -2.548 -2.557 -2.651 -2.669 -2.630
0.0002 -1.89055 10.07918 0.8030579090 3.0731898764    0.743  2.781  3.6727  1.171    7  0.000  0.443    13.17     9.50     6.57     5.13     4.16  2    -1e-30      0.00 7.532e-01 2.466e-01 2.816e-05 1.584e-05 8.469e-05 -1.000 2.001e-04 -2.182 -2.278 -2.658 -2.668 -2.765 -2.786 -2.749
0.0002 -1.89055 10.07918 0.8030639291 3.0731924636    0.743  2.822  3.6700  1.118    7  0.000  0.437    14.72    10.44     7.19     5.63     4.56  2    -1e-30      0.00 7.530e-01 2.468e-01 2.773e-05 1.639e-05 8.466e-05 -1.000 2.000e-04 -2.286 -2.380 -2.771 -2.781 -2.883 -2.906 -2.872
0.0002 -1.89055 10.07918 0.8030689359 3.0731946152    0.743  2.863  3.6674  1.067    7  0.000  0.431    16.42    11.46     7.86     6.16     4.99  2    -1e-30      0.00 7.529e-01 2.469e-01 2.737e-05 1.682e-05 8.461e-05 -1.000 2.001e-04 -2.388 -2.479 -2.881 -2.892 -2.998 -3.024 -2.992
0.0002 -1.89055 10.07918 0.8030731678 3.0731964338    0.743  2.905  3.6647  1.015    7  0.000  0.427    18.35    12.60     8.60     6.75     5.47  2    -1e-30      0.00 7.527e-01 2.471e-01 2.706e-05 1.723e-05 8.451e-05 -1.000 2.000e-04 -2.492 -2.579 -2.993 -3.004 -3.115 -3.144 -3.115
0.0002 -1.89055 10.07918 0.8030767441 3.0731979707    0.743  2.945  3.6620  0.964    7  0.000  0.423    20.46    13.81     9.40     7.38     5.98  2    -1e-30      0.00 7.525e-01 2.474e-01 2.680e-05 1.759e-05 8.438e-05 -1.000 1.571e-04 -2.593 -2.676 -3.101 -3.114 -3.230 -3.260 -3.234
0.0002 -1.89055 10.07918 0.8030801415 3.0731994307    0.743  2.985  3.6594  0.914    7  0.000  0.421    22.76    15.12    10.25     8.06     6.53  1    -1e-30      0.00 7.523e-01 2.475e-01 2.659e-05 1.792e-05 8.423e-05 -1.000 2.001e-04 -2.692 -2.771 -3.208 -3.222 -3.342 -3.375 -3.351
0.0002 -1.89055 10.07918 0.8030835986 3.0732009163    0.743  3.027  3.6565  0.860    7  0.000  0.419    25.51    16.66    11.24     8.85     7.18  1    -1e-30      0.00 7.521e-01 2.477e-01 2.642e-05 1.822e-05 8.406e-05 -1.000 2.000e-04 -2.797 -2.872 -3.323 -3.337 -3.462 -3.497 -3.477
0.0002 -1.89055 10.07918 0.8030866385 3.0732022226    0.743  3.071  3.6535  0.804    7  0.000  0.418    28.76    18.45    12.39     9.77     7.93  1    -1e-30      0.00 7.519e-01 2.479e-01 2.625e-05 1.858e-05 8.384e-05 -1.000 2.000e-04 -2.908 -2.977 -3.442 -3.457 -3.589 -3.626 -3.608
0.0002 -1.89055 10.07918 0.8030877113 3.0732026836    0.743  3.092  3.6520  0.777    7  0.000  0.417    30.41    19.35    12.96    10.23     8.30  1    -1e-30      0.00 7.518e-01 2.480e-01 2.616e-05 1.880e-05 8.369e-05 -1.000 2.000e-04 -2.959 -3.024 -3.497 -3.512 -3.647 -3.685 -3.669
0.0002 -1.89055 10.07918 0.8030878901 3.0732027605    0.743  3.125  3.6496  0.734    7  0.000  0.416    33.37    20.93    13.98    11.04     8.96  1    -1e-30      0.00 7.517e-01 2.481e-01 2.605e-05 1.912e-05 8.348e-05 -1.000 2.000e-04 -3.043 -3.101 -3.587 -3.603 -3.742 -3.784 -3.770
0.0002 -1.89055 10.07918 0.8030882478 3.0732029142    0.743  3.171  3.6462  0.675    7  0.000  0.415    37.84    23.30    15.48    12.25     9.94  1    -1e-30      0.00 7.513e-01 2.485e-01 2.581e-05 1.982e-05 8.299e-05 -1.000 2.000e-04 -3.157 -3.205 -3.709 -3.725 -3.872 -3.917 -3.907
0.0002 -1.89055 10.07918 0.8030886650 3.0732030934    0.743  3.209  3.6434  0.625    7  0.000  0.414    42.06    25.49    16.87    13.37    10.85  1    -1e-30      0.00 7.510e-01 2.488e-01 2.564e-05 2.038e-05 8.258e-05 -1.000 2.000e-04 -3.253 -3.292 -3.812 -3.829 -3.982 -4.029 -4.022
0.0002 -1.89055 10.07918 0.8030889034 3.0732031959    0.743  3.213  3.6392  0.604    8  0.521  0.429    43.97    26.46    17.48    13.86    11.25  1 -3.45e-07      0.00 7.510e-01 2.488e-01 2.680e-05 2.055e-05 8.334e-05 -1.000 1.704e-04 -3.263 -3.287 -3.828 -3.847 -4.009 -4.062 -4.060
0.0002 -1.89055 10.07918 0.8030889630 3.0732032215    0.741  2.988  3.6556  0.894    8  0.521  0.429    23.69    15.65    10.58     8.33     6.75  1 -1.44e-07      0.00 7.510e-01 2.488e-01 2.680e-05 2.055e-05 8.334e-05 -1.000 1.703e-04 -2.699 -2.772 -3.225 -3.239 -3.367 -3.403 -3.384
0.0002 -1.89055 10.07918 0.8030890822 3.0732032727    0.738  2.833  3.6669  1.093    8  0.521  0.429    15.51    10.92     7.50     5.87     4.76  2 -8.46e-08      0.00 7.510e-01 2.488e-01 2.680e-05 2.055e-05 8.334e-05 -1.000 1.704e-04 -2.312 -2.401 -2.805 -2.816 -2.923 -2.950 -2.919
0.0002 -1.89055 10.07918 0.8030893207 3.0732033752    0.733  2.626  3.6818  1.357    8  0.521  0.429     8.83     6.77     4.75     3.70     2.99  3 -4.47e-08      0.00 7.510e-01 2.488e-01 2.680e-05 2.055e-05 8.334e-05 -1.000 1.704e-04 -1.795 -1.900 -2.243 -2.251 -2.334 -2.345 -2.300
0.0002 -1.89055 10.07918 0.8030896187 3.0732035033    0.727  2.633  3.6812  1.343    8  0.521  0.429     9.06     6.92     4.85     3.77     3.05  3  -4.6e-08      0.00 7.510e-01 2.488e-01 2.680e-05 2.055e-05 8.334e-05 -1.000 1.703e-04 -1.812 -1.916 -2.262 -2.270 -2.354 -2.366 -2.321
0.0002 -1.89055 10.07918 0.8030900359 3.0732036825    0.718  2.724  3.6743  1.220    8  0.521  0.429    11.75     8.62     5.99     4.68     3.78  2 -6.14e-08      0.00 7.510e-01 2.488e-01 2.680e-05 2.055e-05 8.334e-05 -1.000 1.703e-04 -2.039 -2.137 -2.510 -2.520 -2.614 -2.633 -2.595
0.0002 -1.89055 10.07918 0.8030905128 3.0732038875    0.708  2.912  3.6603  0.969    8  0.522  0.429    19.97    13.51     9.19     7.23     5.86  2 -1.16e-07      0.00 7.510e-01 2.488e-01 2.680e-05 2.055e-05 8.334e-05 -1.000 1.704e-04 -2.510 -2.590 -3.022 -3.035 -3.154 -3.186 -3.162
0.0002 -1.89055 10.07918 0.8030911088 3.0732041436    0.696  3.081  3.6477  0.743    8  0.522  0.429    32.25    20.25    13.52    10.71     8.68  1 -2.22e-07      0.00 7.510e-01 2.488e-01 2.680e-05 2.055e-05 8.334e-05 -1.000 1.704e-04 -2.931 -2.983 -3.477 -3.493 -3.637 -3.681 -3.670
0.0002 -1.89055 10.07918 0.8030917645 3.0732044253    0.682  3.194  3.6391  0.587    8  0.522  0.429    44.85    26.73    17.61    14.01    11.37  1  -3.6e-07      0.00 7.510e-01 2.488e-01 2.680e-05 2.055e-05 8.334e-05 -1.000 1.704e-04 -3.214 -3.239 -3.781 -3.799 -3.961 -4.014 -4.012
0.0002 -1.89055 10.07918 0.8030924797 3.0732047327    0.667  3.258  3.6341  0.493    8  0.523  0.429    54.55    31.47    20.58    16.42    13.32  1 -4.87e-07      0.00 7.510e-01 2.488e-01 2.680e-05 2.055e-05 8.334e-05 -1.000 1.704e-04 -3.374 -3.378 -3.950 -3.969 -4.144 -4.202 -4.205
0.0002 -1.89055 10.07918 0.8030933142 3.0732050913    0.651  3.291  3.6312  0.438    8  0.523  0.429    61.19    34.58    22.50    18.00    14.60  0 -5.85e-07      0.00 7.510e-01 2.488e-01 2.680e-05 2.055e-05 8.334e-05 -1.000 1.704e-04 -3.458 -3.449 -4.041 -4.061 -4.241 -4.302 -4.309
0.0002 -1.89055 10.07918 0.8030942082 3.0732054755    0.634  3.313  3.6292  0.397    8  0.524  0.429    66.53    36.99    23.98    19.22    15.60  0 -6.71e-07      0.00 7.510e-01 2.488e-01 2.680e-05 2.055e-05 8.334e-05 -1.000 1.704e-04 -3.512 -3.493 -4.100 -4.120 -4.305 -4.368 -4.376
0.0002 -1.89055 10.07918 0.8030986190 3.0732073708    0.526 -9.999  4.0000  1.884    9  0.526  0.000     0.00     0.00     0.00     0.00     0.00 -1    -1e-30      0.00 7.510e-01 2.488e-01 2.680e-05 2.055e-05 8.334e-05 -1.000 1.704e-04 29.767 30.329 30.764 30.800 31.143 31.314 31.563
#isochrone terminated
