# File generated by CMD 3.8 (http://stev.oapd.inaf.it/cmd) on Fri Jan 23 16:21:11 UTC 2026
# isochrones based on PARSEC release v1.2S +  COLIBRI S_37 + S_35 + PR16
# Basic references: Bressan et al. (2012), MNRAS, 427, 127 + Chen et al. (2014, 2015), MNRAS, 444, 2525 + MNRAS, 452, 1068 + Tang et al. (2014), MNRAS, 445, 4287 + Marigo et al. (2017), ApJ, 835, 77 + Pastorelli al. (2019), MNRAS, 485, 5666 + Pastorelli al. (2020), MNRAS, in press
# Thermal pulse cycles included 
# On RGB, assumed Reimers mass loss with efficiency eta=0.2
# LPV periods and growth rates added cf. Trabucchi et al. (2019)
# but fundamental-mode LPV periods + transition are from Trabucchi et al. (2021)
# Photometric system: Euclid VIS+NISP (ABmags)
# Using OBC version of bolometric corrections as detailed in Marigo et al. (2008, A&A 482, 883) and Girardi et al. (2008, PASP 120, 583
# O-rich circumstellar dpmod60alox40 dust from Groenewegen (2006)
# C-rich circumstellar AMCSIC15 dust from Groenewegen (2006)
# IMF: Chabrier (2001) lognormal 
# Kind of output: isochrone tables
# Zini     MH   logAge Mini        int_IMF         Mass   logL    logTe  logg  label   McoreTP C_O  period0  period1  period2  period3  period4  pmode  Mloss  tau1m   X   Y   Xc  Xn  Xo  Cexcess  Z 	 mbolmag  VISmag  Ymag    Bluemag  Jmag    Redmag  Hmag
0.0001 -2.19174 10.00000 0.1000000015 1.5704020300    0.100 -2.782  3.5584  5.406    1  0.000  0.545     0.00     0.00     0.00     0.00     0.00 -1  -1.3e-16      0.00 7.463e-01 2.536e-01 1.798e-05 4.851e-06 4.400e-05 -1.000 1.000e-04 11.726 11.868 11.055 11.031 10.877 10.855 10.889
0.0001 -2.19174 10.00000 0.1098214313 1.6617936526    0.109 -2.634  3.5738  5.357    1  0.000  0.545     0.00     0.00     0.00     0.00     0.00 -1 -1.85e-16      0.00 7.448e-01 2.551e-01 1.798e-05 4.851e-06 4.400e-05 -1.000 1.000e-04 11.354 11.446 10.704 10.683 10.544 10.523 10.555
0.0001 -2.19174 10.00000 0.1294642836 1.8211319439    0.129 -2.393  3.5963  5.278    1  0.000  0.545     0.00     0.00     0.00     0.00     0.00 -1 -3.25e-16      0.00 7.422e-01 2.577e-01 1.798e-05 4.851e-06 4.400e-05 -1.000 1.000e-04 10.752 10.744 10.115 10.098 9.987 9.978 10.022
0.0001 -2.19174 10.00000 0.1491071582 1.9553364515    0.149 -2.231  3.6076  5.224    1  0.000  0.545     0.00     0.00     0.00     0.00     0.00 -1 -4.67e-16      0.00 7.405e-01 2.594e-01 1.798e-05 4.851e-06 4.400e-05 -1.000 9.996e-05 10.348 10.318 9.734 9.719 9.618 9.607 9.648
0.0001 -2.19174 10.00000 0.1687500030 2.0701541469    0.168 -2.106  3.6150  5.181    1  0.000  0.545     0.00     0.00     0.00     0.00     0.00 -1 -6.17e-16      0.00 7.397e-01 2.602e-01 1.798e-05 4.851e-06 4.400e-05 -1.000 9.999e-05 10.034 9.994 9.436 9.422 9.327 9.316 9.353
0.0001 -2.19174 10.00000 0.2080357224 2.2558510723    0.207 -1.902  3.6260  5.112    1  0.000  0.545     0.00     0.00     0.00     0.00     0.00 -1 -9.62e-16      0.00 7.392e-01 2.607e-01 1.798e-05 4.851e-06 4.400e-05 -1.000 1.000e-04 9.524 9.467 8.948 8.937 8.850 8.840 8.876
0.0001 -2.19174 10.00000 0.2571428716 2.4304642418    0.257 -1.712  3.6360  5.055    1  0.000  0.545     0.00     0.00     0.00     0.00     0.00 -1 -1.43e-15      0.00 7.393e-01 2.606e-01 1.798e-05 4.852e-06 4.400e-05 -1.000 1.001e-04 9.049 8.976 8.494 8.484 8.407 8.402 8.443
0.0001 -2.19174 10.00000 0.3062500358 2.5624903122    0.306 -1.565  3.6444  5.018    1  0.000  0.545     0.00     0.00     0.00     0.00     0.00 -1 -1.92e-15      0.00 7.394e-01 2.605e-01 1.797e-05 4.852e-06 4.400e-05 -1.000 1.000e-04 8.682 8.595 8.143 8.135 8.068 8.067 8.113
0.0001 -2.19174 10.00000 0.3553571403 2.6656370809    0.355 -1.442  3.6522  4.991    1  0.000  0.544     0.00     0.00     0.00     0.00     0.00 -1 -2.44e-15      0.00 7.404e-01 2.595e-01 1.796e-05 4.853e-06 4.400e-05 -1.000 1.000e-04 8.375 8.275 7.851 7.844 7.786 7.789 7.840
0.0001 -2.19174 10.00000 0.4044643044 2.7481539575    0.404 -1.324  3.6604  4.962    1  0.000  0.545     0.00     0.00     0.00     0.00     0.00 -1  -3.1e-15      0.00 7.502e-01 2.497e-01 1.798e-05 4.851e-06 4.400e-05 -1.000 9.993e-05 8.079 7.971 7.576 7.569 7.519 7.527 7.583
0.0001 -2.19174 10.00000 0.4535714388 2.8154466270    0.453 -1.180  3.6734  4.920    1  0.000  0.545     0.00     0.00     0.00     0.00     0.00 -1 -4.27e-15      0.00 7.507e-01 2.492e-01 1.798e-05 4.851e-06 4.400e-05 -1.000 9.996e-05 7.721 7.603 7.250 7.246 7.208 7.223 7.287
0.0001 -2.19174 10.00000 0.5026785731 2.8712790757    0.503 -1.021  3.6875  4.863    1  0.000  0.545     0.00     0.00     0.00     0.00     0.00 -1 -6.25e-15      0.00 7.523e-01 2.476e-01 1.788e-05 4.824e-06 4.375e-05 -1.000 9.996e-05 7.323 7.199 6.892 6.890 6.865 6.887 6.960
0.0001 -2.19174 10.00000 0.5517857671 2.9182067866    0.551 -0.830  3.7060  4.786    1  0.000  0.544     0.00     0.00     0.00     0.00     0.00 -1 -1.01e-14      0.00 7.793e-01 2.206e-01 1.605e-05 4.332e-06 3.930e-05 -1.000 9.999e-05 6.846 6.725 6.475 6.474 6.466 6.496 6.582
0.0001 -2.19174 10.00000 0.5857202411 2.9464066652    0.585 -0.694  3.7222  4.740    1  0.000  0.544     0.00     0.00     0.00     0.00     0.00 -1 -1.41e-14      0.00 7.868e-01 2.131e-01 1.556e-05 4.202e-06 3.813e-05 -1.000 9.999e-05 6.505 6.395 6.192 6.193 6.198 6.237 6.333
0.0001 -2.19174 10.00000 0.6008928418 2.9580702083    0.600 -0.635  3.7292  4.721    1  0.000  0.544     0.00     0.00     0.00     0.00     0.00 -1 -1.63e-14      0.00 7.901e-01 2.098e-01 1.535e-05 4.145e-06 3.762e-05 -1.000 1.000e-04 6.359 6.255 6.072 6.073 6.085 6.127 6.227
0.0001 -2.19174 10.00000 0.6122335196 2.9664422755    0.612 -0.588  3.7354  4.707    1  0.000  0.544     0.00     0.00     0.00     0.00     0.00 -1 -1.84e-14      0.00 7.933e-01 2.066e-01 1.514e-05 4.090e-06 3.713e-05 -1.000 9.997e-05 6.240 6.145 5.978 5.980 5.997 6.042 6.146
0.0001 -2.19174 10.00000 0.6268575788 2.9768286428    0.627 -0.527  3.7435  4.688    1  0.000  0.544     0.00     0.00     0.00     0.00     0.00 -1 -2.13e-14      0.00 7.976e-01 2.023e-01 1.486e-05 4.015e-06 3.645e-05 -1.000 1.000e-04 6.088 6.003 5.858 5.861 5.884 5.933 6.042
0.0001 -2.19174 10.00000 0.6399217844 2.9857347602    0.640 -0.472  3.7507  4.671    1  0.000  0.543     0.00     0.00     0.00     0.00     0.00 -1 -2.44e-14      0.00 8.018e-01 1.982e-01 1.460e-05 3.944e-06 3.582e-05 -1.000 8.047e-05 5.950 5.876 5.751 5.754 5.784 5.836 5.950
0.0001 -2.19174 10.00000 0.6499999762 2.9923687038    0.650 -0.430  3.7563  4.657    1  0.000  0.543     0.00     0.00     0.00     0.00     0.00 -1 -2.71e-14      0.00 8.051e-01 1.948e-01 1.438e-05 3.886e-06 3.530e-05 -1.000 4.314e-05 5.844 5.778 5.667 5.671 5.706 5.761 5.878
0.0001 -2.19174 10.00000 0.6578151584 2.9973773086    0.658 -0.396  3.7604  4.646    1  0.000  0.543     0.00     0.00     0.00     0.00     0.00 -1 -2.95e-14      0.00 8.084e-01 1.915e-01 1.417e-05 3.830e-06 3.479e-05 -1.000 1.000e-04 5.760 5.701 5.601 5.606 5.644 5.701 5.821
0.0001 -2.19174 10.00000 0.6703730226 3.0051881632    0.670 -0.342  3.7670  4.626    1  0.000  0.543     0.00     0.00     0.00     0.00     0.00 -1 -3.39e-14      0.00 8.140e-01 1.859e-01 1.380e-05 3.734e-06 3.393e-05 -1.000 1.000e-04 5.625 5.577 5.493 5.499 5.543 5.603 5.728
0.0001 -2.19174 10.00000 0.6827354431 3.0126051968    0.683 -0.288  3.7734  4.606    1  0.000  0.542     0.00     0.00     0.00     0.00     0.00 -1 -3.89e-14      0.00 8.200e-01 1.799e-01 1.342e-05 3.631e-06 3.301e-05 -1.000 9.999e-05 5.490 5.452 5.385 5.391 5.441 5.505 5.634
0.0001 -2.19174 10.00000 0.6937190890 3.0189798963    0.694 -0.239  3.7789  4.586    1  0.000  0.542     0.00     0.00     0.00     0.00     0.00 -1 -4.42e-14      0.00 8.257e-01 1.742e-01 1.305e-05 3.534e-06 3.213e-05 -1.000 1.000e-04 5.368 5.339 5.287 5.293 5.349 5.416 5.549
0.0001 -2.19174 10.00000 0.6999999881 3.0225380160    0.700 -0.211  3.7820  4.574    1  0.000  0.541     0.00     0.00     0.00     0.00     0.00 -1 -4.75e-14      0.00 8.291e-01 1.708e-01 1.283e-05 3.475e-06 3.160e-05 -1.000 1.000e-04 5.298 5.274 5.230 5.236 5.295 5.364 5.499
0.0001 -2.19174 10.00000 0.7001399398 3.0226165935    0.700 -0.210  3.7821  4.574    1  0.000  0.541     0.00     0.00     0.00     0.00     0.00 -1 -4.76e-14      0.00 8.292e-01 1.707e-01 1.282e-05 3.474e-06 3.159e-05 -1.000 9.994e-05 5.296 5.273 5.229 5.235 5.294 5.363 5.498
0.0001 -2.19174 10.00000 0.7127579451 3.0295781273    0.712 -0.152  3.7880  4.547    1  0.000  0.539     0.00     0.00     0.00     0.00     0.00 -1 -5.57e-14      0.00 8.363e-01 1.637e-01 1.237e-05 3.363e-06 3.062e-05 -1.000 7.498e-05 5.151 5.137 5.107 5.115 5.181 5.253 5.392
0.0001 -2.19174 10.00000 0.7249027491 3.0360565649    0.725 -0.094  3.7935  4.518    1  0.000  0.536     0.00     0.00     0.00     0.00     0.00 -1 -6.52e-14      0.00 8.426e-01 1.573e-01 1.198e-05 3.269e-06 2.979e-05 -1.000 4.938e-05 5.006 5.001 4.985 4.993 5.066 5.141 5.285
0.0001 -2.19174 10.00000 0.7357030511 3.0416435173    0.735 -0.040  3.7983  4.490    1  0.000  0.534     0.00     0.00     0.00     0.00     0.00 -1 -7.56e-14      0.00 8.477e-01 1.522e-01 1.168e-05 3.197e-06 2.916e-05 -1.000 6.302e-05 4.871 4.874 4.871 4.879 4.958 5.036 5.184
0.0001 -2.19174 10.00000 0.7458790541 3.0467639365    0.745  0.013  3.8028  4.461    1  0.000  0.532     0.00     0.00     0.00     0.00     0.00 -1 -8.77e-14      0.00 8.520e-01 1.480e-01 1.144e-05 3.142e-06 2.869e-05 -1.000 1.642e-05 4.739 4.747 4.756 4.765 4.849 4.931 5.082
0.0001 -2.19174 10.00000 0.7500000000 3.0487992053    0.750  0.035  3.8045  4.448    1  0.000  0.531     0.00     0.00     0.00     0.00     0.00 -1 -9.34e-14      0.00 8.536e-01 1.464e-01 1.136e-05 3.124e-06 2.853e-05 -1.000 1.490e-08 4.683 4.694 4.707 4.717 4.803 4.886 5.039
0.0001 -2.19174 10.00000 0.7573733330 3.0523871810    0.757  0.075  3.8079  4.425    1  0.000  0.530     0.00     0.00     0.00     0.00     0.00 -1 -1.05e-13      0.00 8.540e-01 1.460e-01 1.139e-05 3.134e-06 2.864e-05 -1.000 1.512e-05 4.581 4.597 4.619 4.629 4.720 4.805 4.961
0.0001 -2.19174 10.00000 0.7659595013 3.0564809122    0.765  0.125  3.8119  4.396    1  0.000  0.530     0.00     0.00     0.00     0.00     0.00 -1 -1.21e-13      0.00 8.544e-01 1.456e-01 1.144e-05 3.147e-06 2.876e-05 -1.000 3.265e-05 4.456 4.477 4.510 4.521 4.617 4.705 4.865
0.0001 -2.19174 10.00000 0.7741831541 3.0603192374    0.773  0.177  3.8157  4.365    1  0.000  0.529     0.00     0.00     0.00     0.00     0.00 -1  -1.4e-13      0.00 8.546e-01 1.453e-01 1.147e-05 3.160e-06 2.889e-05 -1.000 9.999e-05 4.328 4.354 4.397 4.408 4.509 4.601 4.764
0.0001 -2.19174 10.00000 0.7818734646 3.0638377783    0.781  0.228  3.8193  4.332    1  0.000  0.529     0.00     0.00     0.00     0.00     0.00 -1 -1.63e-13      0.00 8.548e-01 1.451e-01 1.152e-05 3.174e-06 2.903e-05 -1.000 9.996e-05 4.200 4.229 4.282 4.294 4.400 4.494 4.660
0.0001 -2.19174 10.00000 0.7911351323 3.0679872019    0.790  0.296  3.8234  4.286    1  0.000  0.529     0.00     0.00     0.00     0.00     0.00 -1 -1.99e-13      0.00 8.548e-01 1.451e-01 1.158e-05 3.193e-06 2.922e-05 -1.000 9.999e-05 4.031 4.065 4.129 4.141 4.254 4.351 4.521
0.0001 -2.19174 10.00000 0.7996870279 3.0717349683    0.799  0.365  3.8270  4.235    1  0.000  0.529     0.00     0.00     0.00     0.00     0.00 -1 -2.46e-13      0.00 8.548e-01 1.452e-01 1.165e-05 3.211e-06 2.938e-05 -1.000 1.787e-05 3.857 3.894 3.968 3.981 4.099 4.199 4.372
0.0001 -2.19174 10.00000 0.8000000119 3.0718705846    0.799  0.368  3.8271  4.233    1  0.000  0.529     0.00     0.00     0.00     0.00     0.00 -1 -2.48e-13      0.00 8.548e-01 1.452e-01 1.165e-05 3.212e-06 2.939e-05 -1.000 1.442e-05 3.850 3.888 3.962 3.975 4.093 4.194 4.367
0.0001 -2.19174 10.00000 0.8012468815 3.0724097770    0.800  0.378  3.8276  4.226    1  0.000  0.529     0.00     0.00     0.00     0.00     0.00 -1 -2.56e-13      0.00 8.547e-01 1.453e-01 1.165e-05 3.213e-06 2.940e-05 -1.000 1.907e-06 3.825 3.863 3.938 3.951 4.071 4.172 4.345
0.0001 -2.19174 10.00000 0.8072426915 3.0749787513    0.806  0.431  3.8299  4.185    1  0.000  0.528     0.00     0.00     0.00     0.00     0.00 -1 -3.03e-13      0.00 8.542e-01 1.457e-01 1.168e-05 3.221e-06 2.948e-05 -1.000 1.000e-04 3.693 3.733 3.814 3.828 3.951 4.054 4.229
0.0001 -2.19174 10.00000 0.8138886094 3.0777809574    0.813  0.494  3.8316  4.132    1  0.000  0.529     0.00     0.00     0.00     0.00     0.00 -1  -3.7e-13      0.00 8.523e-01 1.476e-01 1.181e-05 3.254e-06 2.978e-05 -1.000 1.000e-04 3.535 3.576 3.662 3.676 3.803 3.907 4.084
0.0001 -2.19174 10.00000 0.8152154088 3.0783347873    0.814  0.508  3.8316  4.119    1  0.000  0.529     0.00     0.00     0.00     0.00     0.00 -1 -3.89e-13      0.00 8.519e-01 1.480e-01 1.183e-05 3.261e-06 2.984e-05 -1.000 9.999e-05 3.501 3.541 3.628 3.641 3.769 3.873 4.050
0.0001 -2.19174 10.00000 0.8159552813 3.0786428218    0.815  0.516  3.8316  4.111    1  0.000  0.529     0.00     0.00     0.00     0.00     0.00 -1 -4.01e-13      0.00 8.516e-01 1.483e-01 1.185e-05 3.265e-06 2.988e-05 -1.000 9.994e-05 3.480 3.520 3.607 3.620 3.748 3.852 4.029
0.0001 -2.19174 10.00000 0.8201174140 3.0803650489    0.819  0.565  3.8304  4.060    1  0.000  0.529     0.00     0.00     0.00     0.00     0.00 -1 -4.72e-13      0.00 8.504e-01 1.495e-01 1.193e-05 3.286e-06 3.007e-05 -1.000 1.000e-04 3.358 3.395 3.479 3.492 3.619 3.722 3.899
0.0001 -2.19174 10.00000 0.8240900040 3.0819922205    0.822  0.619  3.8266  3.993    1  0.000  0.529     0.00     0.00     0.00     0.00     0.00 -1 -5.75e-13      0.00 8.492e-01 1.507e-01 1.200e-05 3.306e-06 3.025e-05 -1.000 1.000e-04 3.222 3.253 3.327 3.340 3.462 3.563 3.736
0.0001 -2.19174 10.00000 0.8247934580 3.0822786811    0.823  0.630  3.8256  3.979    1  0.000  0.529     0.00     0.00     0.00     0.00     0.00 -1 -6.02e-13      0.00 8.490e-01 1.509e-01 1.201e-05 3.310e-06 3.028e-05 -1.000 9.999e-05 3.196 3.225 3.297 3.310 3.430 3.530 3.703
0.0001 -2.19174 10.00000 0.8254300952 3.0825375014    0.824  0.640  3.8242  3.962    1  0.000  0.529     0.00     0.00     0.00     0.00     0.00 -1 -6.28e-13      0.00 8.488e-01 1.511e-01 1.203e-05 3.313e-06 3.031e-05 -1.000 1.000e-04 3.169 3.196 3.264 3.277 3.395 3.494 3.666
0.0001 -2.19174 10.00000 0.8275688291 3.0834040001    0.826  0.679  3.8179  3.900    2  0.000  0.529     0.00     0.00     0.00     0.00     0.00 -1 -7.34e-13      0.00 8.482e-01 1.517e-01 1.207e-05 3.324e-06 3.041e-05 -1.000 1.000e-04 3.073 3.090 3.143 3.154 3.263 3.358 3.525
0.0001 -2.19174 10.00000 0.8291981816 3.0840610515    0.827  0.712  3.8102  3.836    2  0.000  0.529     0.00     0.00     0.00     0.00     0.00 -1 -8.53e-13      0.00 8.477e-01 1.522e-01 1.210e-05 3.332e-06 3.048e-05 -1.000 9.997e-05 2.989 2.995 3.027 3.038 3.136 3.226 3.386
0.0001 -2.19174 10.00000 0.8304694295 3.0845718591    0.829  0.743  3.8011  3.770    2  0.000  0.529     0.00     0.00     0.00     0.00     0.00 -1 -9.86e-13      0.00 8.473e-01 1.526e-01 1.212e-05 3.339e-06 3.054e-05 -1.000 9.993e-05 2.913 2.907 2.915 2.925 3.010 3.093 3.246
0.0001 -2.19174 10.00000 0.8314917684 3.0849814899    0.830  0.771  3.7910  3.702    2  0.000  0.529     0.00     0.00     0.00     0.00     0.00 -1 -1.14e-12      0.00 8.470e-01 1.529e-01 1.214e-05 3.345e-06 3.060e-05 -1.000 8.632e-05 2.842 2.824 2.806 2.814 2.885 2.961 3.104
0.0001 -2.19174 10.00000 0.8323430419 3.0853217916    0.830  0.797  3.7806  3.635    2  0.000  0.529     0.00     0.00     0.00     0.00     0.00 -1 -1.31e-12      0.00 8.429e-01 1.571e-01 1.238e-05 3.410e-06 3.118e-05 -1.000 6.822e-05 2.777 2.747 2.701 2.707 2.763 2.831 2.966
0.0001 -2.19174 10.00000 0.8330845237 3.0856176226    0.831  0.822  3.7708  3.571    2  0.000  0.531     0.00     0.00     0.00     0.00     0.00 -1 -1.49e-12      0.00 8.236e-01 1.763e-01 1.348e-05 3.704e-06 3.381e-05 -1.000 4.196e-05 2.714 2.673 2.600 2.605 2.648 2.709 2.835
0.0001 -2.19174 10.00000 0.8337684870 3.0858900272    0.832  0.849  3.7620  3.509    2  0.000  0.534     0.00     0.00     0.00     0.00     0.00 -1  -1.7e-12      0.00 7.996e-01 2.004e-01 1.486e-05 4.072e-06 3.710e-05 -1.000 6.998e-05 2.648 2.598 2.500 2.504 2.535 2.589 2.708
0.0001 -2.19174 10.00000 0.8344549537 3.0861629688    0.832  0.884  3.7541  3.443    2  0.000  0.536     0.00     0.00     0.00     0.00     0.00 -1 -1.98e-12      0.00 7.817e-01 2.182e-01 1.590e-05 4.350e-06 3.957e-05 -1.000 1.000e-04 2.561 2.502 2.383 2.386 2.407 2.455 2.567
0.0001 -2.19174 10.00000 0.8349917531 3.0863760817    0.833  0.920  3.7491  3.387    2  0.000  0.536     0.00     0.00     0.00     0.00     0.00 -1  -2.3e-12      0.00 7.743e-01 2.256e-01 1.632e-05 4.464e-06 4.059e-05 -1.000 1.000e-04 2.471 2.407 2.274 2.276 2.290 2.334 2.442
0.0001 -2.19174 10.00000 0.8355230093 3.0865867177    0.833  0.963  3.7450  3.328    2  0.000  0.537     0.00     0.00     0.00     0.00     0.00 -1 -2.72e-12      0.00 7.700e-01 2.299e-01 1.658e-05 4.531e-06 4.119e-05 -1.000 1.000e-04 2.362 2.295 2.150 2.152 2.160 2.202 2.306
0.0001 -2.19174 10.00000 0.8356020451 3.0866180309    0.833  0.971  3.7445  3.318    3  0.000  0.536     0.00     0.00     0.00     0.00     0.00 -1 -2.81e-12      0.00 7.696e-01 2.304e-01 1.660e-05 4.538e-06 4.125e-05 -1.000 2.821e-05 2.344 2.276 2.130 2.131 2.139 2.180 2.284
0.0001 -2.19174 10.00000 0.8360363841 3.0867900033    0.834  1.012  3.7421  3.267    3  0.000  0.537     0.00     0.00     0.00     0.00     0.00 -1 -3.26e-12      0.00 7.672e-01 2.327e-01 1.672e-05 4.570e-06 4.154e-05 -1.000 1.000e-04 2.239 2.169 2.016 2.017 2.022 2.061 2.163
0.0001 -2.19174 10.00000 0.8365163803 3.0869798404    0.834  1.062  3.7397  3.208    3  0.000  0.537     0.00     0.00     0.00     0.00     0.00 -1  -3.9e-12      0.00 7.649e-01 2.350e-01 1.682e-05 4.599e-06 4.179e-05 -1.000 7.471e-05 2.115 2.043 1.883 1.884 1.885 1.923 2.022
0.0001 -2.19174 10.00000 0.8369216323 3.0871399427    0.835  1.106  3.7379  3.157    3  0.000  0.537     0.00     0.00     0.00     0.00     0.00 -1 -4.59e-12      0.00 7.633e-01 2.366e-01 1.690e-05 4.618e-06 4.196e-05 -1.000 9.820e-05 2.004 1.930 1.765 1.766 1.765 1.800 1.898
0.0001 -2.19174 10.00000 0.8373119235 3.0872939843    0.835  1.152  3.7363  3.105    3  0.000  0.537     0.00     0.00     0.00     0.00     0.00 -1 -5.41e-12      0.00 7.618e-01 2.381e-01 1.695e-05 4.633e-06 4.211e-05 -1.000 1.000e-04 1.891 1.816 1.646 1.647 1.643 1.677 1.773
0.0001 -2.19174 10.00000 0.8376753330 3.0874372839    0.835  1.196  3.7347  3.054    3  0.000  0.537     0.00     0.00     0.00     0.00     0.00 -1 -6.36e-12      0.00 7.603e-01 2.396e-01 1.699e-05 4.646e-06 4.221e-05 -1.000 1.000e-04 1.779 1.703 1.529 1.529 1.523 1.556 1.650
0.0001 -2.19174 10.00000 0.8380178213 3.0875722172    0.835  1.242  3.7332  3.003    3  0.000  0.537     0.00     0.00     0.00     0.00     0.00 -1 -7.48e-12      0.00 7.590e-01 2.409e-01 1.703e-05 4.656e-06 4.230e-05 -1.000 9.996e-05 1.666 1.589 1.411 1.410 1.402 1.434 1.527
0.0001 -2.19174 10.00000 0.8383605480 3.0877071314    0.836  1.290  3.7317  2.949    3  0.000  0.536     0.00     0.00     0.00     0.00     0.00 -1  -8.9e-12      0.00 7.577e-01 2.422e-01 1.705e-05 4.668e-06 4.238e-05 -1.000 8.242e-05 1.545 1.466 1.283 1.283 1.273 1.303 1.395
0.0001 -2.19174 10.00000 0.8386567831 3.0878236532    0.836  1.335  3.7302  2.897    3  0.000  0.535     0.00     0.00     0.00     0.00     0.00 -1 -1.05e-11      0.00 7.566e-01 2.433e-01 1.705e-05 4.681e-06 4.245e-05 -1.000 9.336e-05 1.431 1.351 1.164 1.163 1.151 1.181 1.271
0.0001 -2.19174 10.00000 0.8389481306 3.0879381702    0.836  1.384  3.7287  2.843    3  0.000  0.535     0.00     0.00     0.00     0.00     0.00 -1 -1.25e-11      0.00 7.556e-01 2.443e-01 1.703e-05 4.698e-06 4.249e-05 -1.000 9.996e-05 1.311 1.229 1.038 1.037 1.023 1.051 1.140
0.0001 -2.19174 10.00000 0.8392127156 3.0880420974    0.836  1.431  3.7272  2.790    3  0.000  0.533     0.00     0.00     0.00     0.00     0.00 -1 -1.48e-11      0.00 7.546e-01 2.453e-01 1.700e-05 4.727e-06 4.253e-05 -1.000 1.000e-04 1.192 1.109 0.914 0.913 0.896 0.924 1.011
0.0001 -2.19174 10.00000 0.8394520283 3.0881360399    0.836  1.478  3.7257  2.737    3  0.000  0.531     0.00     0.00     0.00     0.00     0.00 -1 -1.75e-11      0.00 7.538e-01 2.461e-01 1.695e-05 4.766e-06 4.257e-05 -1.000 9.997e-05 1.076 0.991 0.792 0.790 0.772 0.798 0.884
0.0001 -2.19174 10.00000 0.8396702409 3.0882216517    0.836  1.524  3.7241  2.685    3  0.000  0.529     0.00     0.00     0.00     0.00     0.00 -1 -2.07e-11      0.00 7.531e-01 2.468e-01 1.689e-05 4.816e-06 4.260e-05 -1.000 9.997e-05 0.961 0.874 0.670 0.668 0.648 0.672 0.757
0.0001 -2.19174 10.00000 0.8398764133 3.0883024980    0.836  1.571  3.7226  2.631    3  0.000  0.527     0.00     0.00     0.00     0.00     0.00 -1 -2.45e-11      0.00 7.525e-01 2.474e-01 1.684e-05 4.864e-06 4.262e-05 -1.000 9.996e-05 0.841 0.754 0.546 0.544 0.521 0.544 0.628
0.0001 -2.19174 10.00000 0.8400606513 3.0883747086    0.836  1.618  3.7211  2.579    3  0.000  0.525     0.00     0.00     0.00     0.00     0.00 -1  -2.9e-11      0.00 7.521e-01 2.478e-01 1.679e-05 4.917e-06 4.263e-05 -1.000 1.000e-04 0.726 0.638 0.424 0.422 0.397 0.419 0.501
0.0001 -2.19174 10.00000 0.8402258158 3.0884394160    0.836  1.663  3.7195  2.527    3  0.000  0.523     0.00     0.00     0.00     0.00     0.00 -1 -3.41e-11      0.00 7.517e-01 2.482e-01 1.674e-05 4.964e-06 4.265e-05 -1.000 1.000e-04 0.613 0.524 0.306 0.303 0.276 0.296 0.377
0.0001 -2.19174 10.00000 0.8403806090 3.0885000365    0.836  1.709  3.7180  2.475    3  0.000  0.522     0.00     0.00     0.00     0.00     0.00 -1 -4.03e-11      0.00 7.515e-01 2.484e-01 1.671e-05 4.998e-06 4.266e-05 -1.000 9.999e-05 0.497 0.408 0.184 0.182 0.152 0.171 0.250
0.0001 -2.19174 10.00000 0.8405181170 3.0885538685    0.836  1.754  3.7164  2.424    3  0.000  0.522     0.00     0.00     0.00     0.00     0.00 -1 -4.74e-11      0.00 7.514e-01 2.485e-01 1.669e-05 5.019e-06 4.266e-05 -1.000 9.999e-05 0.385 0.295 0.067 0.064 0.032 0.050 0.127
0.0001 -2.19174 10.00000 0.8406464458 3.0886040908    0.836  1.799  3.7147  2.372    3  0.000  0.521     0.00     0.00     0.00     0.00     0.00 -1 -5.59e-11      0.00 7.513e-01 2.486e-01 1.668e-05 5.028e-06 4.266e-05 -1.000 1.000e-04 0.272 0.180 -0.053 -0.056 -0.090 -0.074 0.002
0.0001 -2.19174 10.00000 0.8407658339 3.0886507999    0.836  1.845  3.7131  2.319    3  0.000  0.521     0.00     0.00     0.00     0.00     0.00 -1  -6.6e-11      0.00 7.513e-01 2.486e-01 1.668e-05 5.029e-06 4.266e-05 -1.000 1.000e-04 0.157 0.064 -0.174 -0.178 -0.214 -0.198 -0.124
0.0001 -2.19174 10.00000 0.8408753276 3.0886936261    0.835  1.891  3.7115  2.267    3  0.000  0.521     0.00     0.00     0.00     0.00     0.00 -1 -7.79e-11      0.00 7.513e-01 2.486e-01 1.668e-05 5.030e-06 4.266e-05 -1.000 1.001e-04 0.043 -0.051 -0.295 -0.298 -0.337 -0.323 -0.250
0.0001 -2.19174 10.00000 0.8409748673 3.0887325490    0.835  1.936  3.7097  2.215    3  0.000  0.521     0.00     0.00     0.00     0.00     0.00 -1 -9.17e-11      0.00 7.513e-01 2.486e-01 1.668e-05 5.030e-06 4.266e-05 -1.000 1.001e-04 -0.070 -0.164 -0.413 -0.417 -0.458 -0.446 -0.375
0.0001 -2.19174 10.00000 0.8410680294 3.0887689696    0.835  1.982  3.7080  2.162    3  0.000  0.521     0.00     0.00     0.00     0.00     0.00 -1 -1.08e-10      0.00 7.513e-01 2.486e-01 1.668e-05 5.031e-06 4.266e-05 -1.000 1.000e-04 -0.184 -0.279 -0.534 -0.538 -0.581 -0.570 -0.501
0.0001 -2.19174 10.00000 0.8411529660 3.0888021673    0.834  2.027  3.7064  2.110    3  0.000  0.521     0.00     0.00     0.00     0.00     0.00 -1 -1.28e-10      0.00 7.513e-01 2.486e-01 1.668e-05 5.032e-06 4.266e-05 -1.000 1.001e-04 -0.298 -0.393 -0.653 -0.658 -0.703 -0.694 -0.626
0.0001 -2.19174 10.00000 0.8412283063 3.0888316084    0.834  2.071  3.7046  2.059    3  0.000  0.521     0.00     0.00     0.00     0.00     0.00 -1  -1.5e-10      0.00 7.513e-01 2.486e-01 1.668e-05 5.032e-06 4.266e-05 -1.000 1.001e-04 -0.407 -0.503 -0.769 -0.774 -0.822 -0.814 -0.748
0.0001 -2.19174 10.00000 0.8412977457 3.0888587389    0.834  2.115  3.7030  2.008    3  0.000  0.521     0.00     0.00     0.00     0.00     0.00 -1 -1.76e-10      0.00 7.513e-01 2.486e-01 1.668e-05 5.033e-06 4.266e-05 -1.000 1.000e-04 -0.517 -0.614 -0.885 -0.890 -0.941 -0.935 -0.870
0.0001 -2.19174 10.00000 0.8413628936 3.0888841885    0.833  2.160  3.7012  1.956    3  0.000  0.521     0.00     0.00     0.00     0.00     0.00 -1 -2.07e-10      0.00 7.513e-01 2.486e-01 1.668e-05 5.033e-06 4.266e-05 -1.000 1.000e-04 -0.629 -0.727 -1.004 -1.009 -1.062 -1.058 -0.995
0.0001 -2.19174 10.00000 0.8414213657 3.0889070268    0.833  2.203  3.6994  1.905    3  0.000  0.521     0.00     0.00     0.00     0.00     0.00 -1 -2.43e-10      0.00 7.513e-01 2.486e-01 1.668e-05 5.034e-06 4.266e-05 -1.000 1.000e-04 -0.738 -0.836 -1.119 -1.124 -1.180 -1.177 -1.116
0.0001 -2.19174 10.00000 0.8414800167 3.0889299317    0.832  2.249  3.6977  1.852    3  0.000  0.521     0.00     0.00     0.00     0.00     0.00 -1 -2.87e-10      0.00 7.512e-01 2.487e-01 1.667e-05 5.034e-06 4.267e-05 -1.000 1.000e-04 -0.851 -0.950 -1.239 -1.245 -1.303 -1.301 -1.242
0.0001 -2.19174 10.00000 0.8415415883 3.0889539737    0.832  2.292  3.6959  1.801    3  0.000  0.521     0.00     0.00     0.00     0.00     0.00 -1 -3.36e-10      0.00 7.512e-01 2.487e-01 1.667e-05 5.035e-06 4.267e-05 -1.000 1.000e-04 -0.960 -1.060 -1.354 -1.361 -1.422 -1.421 -1.363
0.0001 -2.19174 10.00000 0.8415737748 3.0889665402    0.831  2.303  3.6955  1.788    3  0.000  0.521     0.00     0.00     0.00     0.00     0.00 -1 -3.53e-10      0.00 7.512e-01 2.487e-01 1.667e-05 5.035e-06 4.267e-05 -1.000 9.999e-05 -0.988 -1.088 -1.384 -1.390 -1.452 -1.452 -1.394
0.0001 -2.19174 10.00000 0.8416072130 3.0889795943    0.831  2.293  3.6962  1.801    3  0.000  0.521     0.00     0.00     0.00     0.00     0.00 -1 -3.41e-10      0.00 7.512e-01 2.487e-01 1.667e-05 5.035e-06 4.267e-05 -1.000 1.000e-04 -0.962 -1.062 -1.355 -1.362 -1.422 -1.421 -1.363
0.0001 -2.19174 10.00000 0.8416141272 3.0889822934    0.831  2.300  3.6959  1.793    3  0.000  0.521     0.00     0.00     0.00     0.00     0.00 -1 -3.49e-10      0.00 7.512e-01 2.487e-01 1.667e-05 5.035e-06 4.267e-05 -1.000 1.000e-04 -0.979 -1.079 -1.374 -1.380 -1.441 -1.440 -1.382
0.0001 -2.19174 10.00000 0.8416521549 3.0889971377    0.830  2.339  3.6942  1.747    3  0.000  0.521     0.00     0.00     0.00     0.00     0.00 -1    -4e-10      0.00 7.512e-01 2.487e-01 1.667e-05 5.035e-06 4.267e-05 -1.000 1.000e-04 -1.078 -1.178 -1.479 -1.485 -1.549 -1.549 -1.493
0.0001 -2.19174 10.00000 0.8416905999 3.0890121436    0.829  2.382  3.6925  1.697    3  0.000  0.521     0.00     0.00     0.00     0.00     0.00 -1 -4.66e-10      0.00 7.512e-01 2.487e-01 1.667e-05 5.036e-06 4.267e-05 -1.000 1.000e-04 -1.184 -1.284 -1.590 -1.597 -1.663 -1.665 -1.610
0.0001 -2.19174 10.00000 0.8417232037 3.0890248683    0.829  2.420  3.6909  1.652    3  0.000  0.521     0.00     0.00     0.00     0.00     0.00 -1 -5.36e-10      0.00 7.512e-01 2.487e-01 1.667e-05 5.036e-06 4.267e-05 -1.000 1.000e-04 -1.279 -1.378 -1.691 -1.698 -1.767 -1.770 -1.717
0.0001 -2.19174 10.00000 0.8417553306 3.0890374060    0.828  2.460  3.6891  1.605    3  0.000  0.521     0.00     0.00     0.00     0.00     0.00 -1 -6.21e-10      0.00 7.512e-01 2.487e-01 1.667e-05 5.036e-06 4.267e-05 -1.000 1.001e-04 -1.379 -1.478 -1.797 -1.804 -1.876 -1.881 -1.829
0.0001 -2.19174 10.00000 0.8417853117 3.0890491054    0.827  2.499  3.6874  1.558    3  0.000  0.521     0.00     0.00     0.00     0.00     0.00 -1 -7.19e-10      0.00 7.512e-01 2.487e-01 1.667e-05 5.036e-06 4.267e-05 -1.000 1.000e-04 -1.478 -1.578 -1.903 -1.910 -1.984 -1.991 -1.941
0.0001 -2.19174 10.00000 0.8418115377 3.0890593387    0.826  2.537  3.6857  1.514    3  0.000  0.521     6.59     5.25     3.74     2.89     2.34  3 -8.25e-10      0.00 7.512e-01 2.487e-01 1.667e-05 5.037e-06 4.267e-05 -1.000 1.000e-04 -1.571 -1.670 -2.001 -2.009 -2.086 -2.094 -2.046
0.0001 -2.19174 10.00000 0.8418375254 3.0890694784    0.825  2.576  3.6840  1.467    3  0.000  0.521     7.27     5.72     4.06     3.13     2.54  3 -9.53e-10      0.00 7.512e-01 2.487e-01 1.667e-05 5.037e-06 4.267e-05 -1.000 1.000e-04 -1.670 -1.768 -2.106 -2.114 -2.193 -2.203 -2.156
0.0001 -2.19174 10.00000 0.8418605328 3.0890784547    0.825  2.613  3.6823  1.423    3  0.000  0.521     7.98     6.19     4.38     3.38     2.74  3 -1.09e-09      0.00 7.512e-01 2.487e-01 1.667e-05 5.037e-06 4.267e-05 -1.000 1.001e-04 -1.762 -1.861 -2.205 -2.213 -2.295 -2.306 -2.261
0.0001 -2.19174 10.00000 0.8418820500 3.0890868493    0.824  2.650  3.6806  1.378    3  0.000  0.521     8.75     6.70     4.72     3.65     2.96  3 -1.25e-09      0.00 7.512e-01 2.487e-01 1.667e-05 5.037e-06 4.267e-05 -1.000 1.000e-04 -1.854 -1.952 -2.303 -2.311 -2.395 -2.408 -2.364
0.0001 -2.19174 10.00000 0.8419025540 3.0890948480    0.822  2.687  3.6789  1.334    3  0.000  0.521     9.62     7.26     5.10     3.95     3.20  3 -1.44e-09      0.00 7.512e-01 2.487e-01 1.667e-05 5.037e-06 4.267e-05 -1.000 1.000e-04 -1.948 -2.044 -2.402 -2.410 -2.497 -2.512 -2.469
0.0001 -2.19174 10.00000 0.8419246078 3.0891034510    0.821  2.730  3.6771  1.283    3  0.000  0.521    10.71     7.96     5.57     4.32     3.50  3 -1.68e-09      0.00 7.512e-01 2.487e-01 1.667e-05 5.037e-06 4.267e-05 -1.000 1.000e-04 -2.055 -2.151 -2.515 -2.524 -2.614 -2.630 -2.589
0.0001 -2.19174 10.00000 0.8419423103 3.0891103562    0.820  2.767  3.6752  1.237    3  0.000  0.521    11.78     8.64     6.01     4.67     3.79  3 -1.93e-09      0.00 7.512e-01 2.487e-01 1.667e-05 5.038e-06 4.267e-05 -1.000 1.000e-04 -2.147 -2.242 -2.614 -2.624 -2.716 -2.734 -2.695
0.0001 -2.19174 10.00000 0.8419606090 3.0891174936    0.818  2.808  3.6732  1.188    3  0.000  0.521    13.06     9.44     6.55     5.10     4.13  3 -2.25e-09      0.00 7.512e-01 2.487e-01 1.667e-05 5.038e-06 4.267e-05 -1.000 9.999e-05 -2.250 -2.343 -2.723 -2.733 -2.829 -2.848 -2.811
0.0001 -2.19174 10.00000 0.8419757485 3.0891233986    0.817  2.844  3.6715  1.144    3  0.000  0.521    14.32    10.21     7.05     5.50     4.45  2 -2.57e-09      0.00 7.512e-01 2.487e-01 1.667e-05 5.038e-06 4.267e-05 -1.000 1.000e-04 -2.339 -2.431 -2.819 -2.829 -2.927 -2.948 -2.912
0.0001 -2.19174 10.00000 0.8419911265 3.0891293964    0.815  2.882  3.6695  1.097    3  0.000  0.521    15.83    11.12     7.66     5.97     4.84  2 -2.98e-09      0.00 7.512e-01 2.487e-01 1.667e-05 5.038e-06 4.267e-05 -1.000 9.999e-05 -2.436 -2.527 -2.923 -2.933 -3.035 -3.058 -3.024
0.0001 -2.19174 10.00000 0.8420038819 3.0891343711    0.813  2.917  3.6679  1.055    3  0.000  0.521    17.27    11.98     8.22     6.42     5.21  2 -3.38e-09      0.00 7.512e-01 2.487e-01 1.667e-05 5.038e-06 4.267e-05 -1.000 1.000e-04 -2.522 -2.611 -3.014 -3.024 -3.129 -3.153 -3.120
0.0001 -2.19174 10.00000 0.8420172930 3.0891396014    0.811  2.955  3.6660  1.008    3  0.000  0.521    19.06    13.04     8.91     6.97     5.65  2  -3.9e-09      0.00 7.512e-01 2.487e-01 1.667e-05 5.038e-06 4.267e-05 -1.000 1.000e-04 -2.617 -2.704 -3.115 -3.127 -3.234 -3.260 -3.230
0.0001 -2.19174 10.00000 0.8420308232 3.0891448780    0.809  2.996  3.6639  0.958    3  0.000  0.521    21.20    14.28     9.72     7.61     6.17  2 -4.55e-09      0.00 7.512e-01 2.487e-01 1.667e-05 5.038e-06 4.267e-05 -1.000 9.999e-05 -2.720 -2.804 -3.225 -3.237 -3.348 -3.376 -3.347
0.0001 -2.19174 10.00000 0.8420419097 3.0891492014    0.807  3.031  3.6621  0.914    3  0.000  0.521    23.25    15.45    10.48     8.22     6.66  2  -5.2e-09      0.00 7.512e-01 2.487e-01 1.667e-05 5.038e-06 4.267e-05 -1.000 9.999e-05 -2.809 -2.891 -3.320 -3.332 -3.447 -3.476 -3.449
0.0001 -2.19174 10.00000 0.8420513868 3.0891528971    0.805  3.063  3.6603  0.874    3  0.000  0.521    25.28    16.59    11.21     8.81     7.14  2 -5.87e-09      0.00 7.512e-01 2.487e-01 1.667e-05 5.038e-06 4.267e-05 -1.000 1.000e-04 -2.888 -2.968 -3.406 -3.418 -3.536 -3.566 -3.540
0.0001 -2.19174 10.00000 0.8420611024 3.0891566857    0.802  3.098  3.6585  0.830    3  0.000  0.521    27.69    17.93    12.07     9.49     7.70  1 -6.69e-09      0.00 7.512e-01 2.487e-01 1.667e-05 5.038e-06 4.267e-05 -1.000 1.000e-04 -2.975 -3.052 -3.498 -3.511 -3.632 -3.664 -3.640
0.0001 -2.19174 10.00000 0.8420711160 3.0891605905    0.799  3.135  3.6564  0.783    3  0.000  0.521    30.58    19.51    13.09    10.31     8.36  1 -7.71e-09      0.00 7.512e-01 2.487e-01 1.667e-05 5.038e-06 4.267e-05 -1.000 1.000e-04 -3.068 -3.142 -3.599 -3.613 -3.737 -3.770 -3.748
0.0001 -2.19174 10.00000 0.8420795202 3.0891638676    0.797  3.168  3.6546  0.741    3  0.000  0.521    33.39    21.03    14.06    11.08     8.99  1 -8.74e-09      0.00 7.512e-01 2.487e-01 1.667e-05 5.039e-06 4.267e-05 -1.000 1.000e-04 -3.151 -3.222 -3.688 -3.702 -3.830 -3.864 -3.844
0.0001 -2.19174 10.00000 0.8420879841 3.0891671679    0.793  3.203  3.6528  0.698    3  0.000  0.521    36.54    22.71    15.13    11.94     9.69  1 -9.97e-09      0.00 7.512e-01 2.487e-01 1.667e-05 5.039e-06 4.267e-05 -1.000 1.000e-04 -3.236 -3.303 -3.779 -3.793 -3.924 -3.961 -3.942
0.0001 -2.19174 10.00000 0.8420957923 3.0891702124    0.790  3.234  3.6511  0.659    3  0.000  0.521    39.70    24.37    16.18    12.78    10.38  1 -1.13e-08      0.00 7.512e-01 2.487e-01 1.667e-05 5.039e-06 4.267e-05 -1.000 9.999e-05 -3.314 -3.376 -3.861 -3.876 -4.010 -4.048 -4.031
0.0001 -2.19174 10.00000 0.8420979977 3.0891710723    0.789  3.242  3.6507  0.648    3  0.000  0.521    40.60    24.84    16.48    13.02    10.57  1 -1.17e-08      0.00 7.512e-01 2.487e-01 1.667e-05 5.039e-06 4.267e-05 -1.000 1.000e-04 -3.335 -3.396 -3.884 -3.898 -4.033 -4.072 -4.055
0.0001 -2.19174 10.00000 0.8420979977 3.0891710723    0.789  1.703  3.8886  3.138    4  0.000  0.532     0.00     0.00     0.00     0.00     0.00 -1    -1e-30      0.00 7.554e-01 2.445e-01 1.688e-05 4.708e-06 4.230e-05 -1.000 1.000e-04 0.512 0.613 0.849 0.875 1.126 1.272 1.493
0.0001 -2.19174 10.00000 0.8421285748 3.0891829944    0.789  1.726  3.8765  3.067    4  0.000  0.532     0.00     0.00     0.00     0.00     0.00 -1    -1e-30      0.00 7.554e-01 2.445e-01 1.688e-05 4.708e-06 4.230e-05 -1.000 9.999e-05 0.456 0.527 0.736 0.760 0.992 1.132 1.346
0.0001 -2.19174 10.00000 0.8421831727 3.0892042798    0.789  1.731  3.8741  3.053    4  0.000  0.532     0.00     0.00     0.00     0.00     0.00 -1    -1e-30      0.00 7.554e-01 2.445e-01 1.688e-05 4.708e-06 4.230e-05 -1.000 1.000e-04 0.444 0.510 0.713 0.737 0.965 1.104 1.317
0.0001 -2.19174 10.00000 0.8422359228 3.0892248422    0.789  1.731  3.8747  3.055    4  0.000  0.532     0.00     0.00     0.00     0.00     0.00 -1    -1e-30      0.00 7.554e-01 2.445e-01 1.688e-05 4.708e-06 4.230e-05 -1.000 1.000e-04 0.443 0.510 0.715 0.739 0.968 1.107 1.320
0.0001 -2.19174 10.00000 0.8422896266 3.0892457737    0.789  1.731  3.8753  3.057    4  0.000  0.532     0.00     0.00     0.00     0.00     0.00 -1    -1e-30      0.00 7.554e-01 2.445e-01 1.688e-05 4.708e-06 4.230e-05 -1.000 1.000e-04 0.442 0.511 0.717 0.741 0.971 1.111 1.324
0.0001 -2.19174 10.00000 0.8423453569 3.0892674921    0.789  1.731  3.8760  3.060    4  0.000  0.532     0.00     0.00     0.00     0.00     0.00 -1    -1e-30      0.00 7.554e-01 2.445e-01 1.688e-05 4.709e-06 4.230e-05 -1.000 1.002e-04 0.442 0.512 0.719 0.744 0.975 1.115 1.328
0.0001 -2.19174 10.00000 0.8423981071 3.0892880464    0.789  1.732  3.8766  3.062    4  0.000  0.532     0.00     0.00     0.00     0.00     0.00 -1    -1e-30      0.00 7.554e-01 2.445e-01 1.688e-05 4.709e-06 4.230e-05 -1.000 1.000e-04 0.441 0.513 0.721 0.746 0.978 1.118 1.332
0.0001 -2.19174 10.00000 0.8424534798 3.0893096198    0.789  1.732  3.8770  3.064    4  0.000  0.532     0.00     0.00     0.00     0.00     0.00 -1    -1e-30      0.00 7.554e-01 2.445e-01 1.688e-05 4.709e-06 4.230e-05 -1.000 9.999e-05 0.441 0.513 0.723 0.747 0.980 1.121 1.335
0.0001 -2.19174 10.00000 0.8425083756 3.0893310045    0.789  1.732  3.8773  3.065    4  0.000  0.532     0.00     0.00     0.00     0.00     0.00 -1    -1e-30      0.00 7.554e-01 2.445e-01 1.688e-05 4.709e-06 4.230e-05 -1.000 9.997e-05 0.440 0.513 0.724 0.748 0.982 1.122 1.337
0.0001 -2.19174 10.00000 0.8425636292 3.0893525257    0.789  1.732  3.8774  3.065    4  0.000  0.532     0.00     0.00     0.00     0.00     0.00 -1    -1e-30      0.00 7.554e-01 2.445e-01 1.688e-05 4.709e-06 4.230e-05 -1.000 9.994e-05 0.439 0.512 0.723 0.748 0.981 1.122 1.337
0.0001 -2.19174 10.00000 0.8426155448 3.0893727441    0.789  1.733  3.8773  3.064    4  0.000  0.532     0.00     0.00     0.00     0.00     0.00 -1    -1e-30      0.00 7.554e-01 2.445e-01 1.688e-05 4.710e-06 4.230e-05 -1.000 1.001e-04 0.439 0.511 0.722 0.746 0.980 1.120 1.335
0.0001 -2.19174 10.00000 0.8426724076 3.0893948862    0.790  1.733  3.8768  3.061    4  0.000  0.532     0.00     0.00     0.00     0.00     0.00 -1    -1e-30      0.00 7.554e-01 2.445e-01 1.688e-05 4.710e-06 4.230e-05 -1.000 1.000e-04 0.437 0.509 0.718 0.743 0.975 1.116 1.330
0.0001 -2.19174 10.00000 0.8427278996 3.0894164916    0.790  1.734  3.8759  3.057    4  0.000  0.532     0.00     0.00     0.00     0.00     0.00 -1    -1e-30      0.00 7.554e-01 2.445e-01 1.688e-05 4.710e-06 4.230e-05 -1.000 1.000e-04 0.435 0.505 0.712 0.737 0.967 1.107 1.321
0.0001 -2.19174 10.00000 0.8427840471 3.0894383493    0.790  1.735  3.8746  3.051    4  0.000  0.532     0.00     0.00     0.00     0.00     0.00 -1    -1e-30      0.00 7.554e-01 2.445e-01 1.688e-05 4.710e-06 4.230e-05 -1.000 9.997e-05 0.432 0.500 0.704 0.728 0.957 1.096 1.309
0.0001 -2.19174 10.00000 0.8428412676 3.0894606216    0.790  1.736  3.8728  3.042    4  0.000  0.532     0.00     0.00     0.00     0.00     0.00 -1    -1e-30      0.00 7.554e-01 2.445e-01 1.688e-05 4.710e-06 4.230e-05 -1.000 1.000e-04 0.429 0.493 0.693 0.717 0.942 1.080 1.292
0.0001 -2.19174 10.00000 0.8428643346 3.0894695993    0.790  1.737  3.8720  3.039    4  0.000  0.532     0.00     0.00     0.00     0.00     0.00 -1    -1e-30      0.00 7.554e-01 2.445e-01 1.688e-05 4.711e-06 4.230e-05 -1.000 1.000e-04 0.427 0.490 0.688 0.711 0.936 1.073 1.285
0.0001 -2.19174 10.00000 0.8428956270 3.0894817774    0.790  1.738  3.8707  3.032    4  0.000  0.532     0.00     0.00     0.00     0.00     0.00 -1    -1e-30      0.00 7.554e-01 2.445e-01 1.688e-05 4.711e-06 4.230e-05 -1.000 9.996e-05 0.425 0.485 0.680 0.703 0.925 1.062 1.272
0.0001 -2.19174 10.00000 0.8429541588 3.0895045539    0.790  1.740  3.8677  3.018    4  0.000  0.532     0.00     0.00     0.00     0.00     0.00 -1    -1e-30      0.00 7.554e-01 2.445e-01 1.688e-05 4.711e-06 4.230e-05 -1.000 1.000e-04 0.420 0.474 0.662 0.684 0.901 1.036 1.245
0.0001 -2.19174 10.00000 0.8430075645 3.0895253329    0.790  1.742  3.8644  3.003    4  0.000  0.532     0.00     0.00     0.00     0.00     0.00 -1    -1e-30      0.00 7.553e-01 2.446e-01 1.688e-05 4.711e-06 4.230e-05 -1.000 9.999e-05 0.415 0.462 0.642 0.664 0.875 1.008 1.215
0.0001 -2.19174 10.00000 0.8430621624 3.0895465729    0.790  1.745  3.8605  2.985    4  0.000  0.532     0.00     0.00     0.00     0.00     0.00 -1    -1e-30      0.00 7.553e-01 2.446e-01 1.688e-05 4.711e-06 4.230e-05 -1.000 9.999e-05 0.409 0.449 0.620 0.641 0.845 0.976 1.180
0.0001 -2.19174 10.00000 0.8431203365 3.0895692010    0.790  1.747  3.8558  2.963    4  0.000  0.532     0.00     0.00     0.00     0.00     0.00 -1    -1e-30      0.00 7.553e-01 2.446e-01 1.688e-05 4.712e-06 4.230e-05 -1.000 1.000e-04 0.401 0.434 0.593 0.613 0.809 0.937 1.138
0.0001 -2.19174 10.00000 0.8431782126 3.0895917101    0.790  1.751  3.8504  2.938    4  0.000  0.532     0.00     0.00     0.00     0.00     0.00 -1    -1e-30      0.00 7.553e-01 2.446e-01 1.688e-05 4.712e-06 4.231e-05 -1.000 1.000e-04 0.393 0.416 0.562 0.582 0.768 0.892 1.089
0.0001 -2.19174 10.00000 0.8432347178 3.0896136829    0.790  1.755  3.8445  2.911    4  0.000  0.532     0.00     0.00     0.00     0.00     0.00 -1    -1e-30      0.00 7.553e-01 2.446e-01 1.688e-05 4.712e-06 4.231e-05 -1.000 9.993e-05 0.384 0.399 0.529 0.548 0.724 0.844 1.037
0.0001 -2.19174 10.00000 0.8432671428 3.0896262905    0.790  1.757  3.8410  2.895    4  0.000  0.532     0.00     0.00     0.00     0.00     0.00 -1    -1e-30      0.00 7.553e-01 2.446e-01 1.688e-05 4.712e-06 4.231e-05 -1.000 1.000e-04 0.378 0.388 0.510 0.528 0.698 0.815 1.005
0.0001 -2.19174 10.00000 0.8433207870 3.0896471463    0.790  1.761  3.8345  2.865    4  0.000  0.532     0.00     0.00     0.00     0.00     0.00 -1    -1e-30      0.00 7.553e-01 2.446e-01 1.688e-05 4.712e-06 4.231e-05 -1.000 1.000e-04 0.368 0.369 0.474 0.491 0.649 0.762 0.947
0.0001 -2.19174 10.00000 0.8433775902 3.0896692274    0.790  1.765  3.8274  2.832    4  0.000  0.532     0.00     0.00     0.00     0.00     0.00 -1    -1e-30      0.00 7.553e-01 2.446e-01 1.688e-05 4.712e-06 4.231e-05 -1.000 9.999e-05 0.357 0.349 0.436 0.451 0.597 0.705 0.884
0.0001 -2.19174 10.00000 0.8434337378 3.0896910506    0.790  1.770  3.8199  2.797    4  0.000  0.532     0.00     0.00     0.00     0.00     0.00 -1    -1e-30      0.00 7.553e-01 2.446e-01 1.688e-05 4.713e-06 4.231e-05 -1.000 9.996e-05 0.345 0.328 0.395 0.409 0.541 0.644 0.817
0.0001 -2.19174 10.00000 0.8434913158 3.0897134267    0.790  1.775  3.8115  2.759    4  0.000  0.532     0.00     0.00     0.00     0.00     0.00 -1    -1e-30      0.00 7.553e-01 2.446e-01 1.688e-05 4.713e-06 4.231e-05 -1.000 9.993e-05 0.332 0.305 0.350 0.362 0.480 0.577 0.743
0.0001 -2.19174 10.00000 0.8435462713 3.0897347807    0.790  1.781  3.8030  2.719    4  0.000  0.532     0.00     0.00     0.00     0.00     0.00 -1    -1e-30      0.00 7.553e-01 2.446e-01 1.688e-05 4.713e-06 4.231e-05 -1.000 1.000e-04 0.318 0.282 0.304 0.315 0.418 0.508 0.667
0.0001 -2.19174 10.00000 0.8436011672 3.0897561087    0.791  1.787  3.7948  2.680    4  0.000  0.532     0.00     0.00     0.00     0.00     0.00 -1    -1e-30      0.00 7.553e-01 2.446e-01 1.688e-05 4.713e-06 4.231e-05 -1.000 9.997e-05 0.303 0.259 0.258 0.268 0.358 0.441 0.594
0.0001 -2.19174 10.00000 0.8436554670 3.0897772023    0.791  1.793  3.7882  2.648    4  0.000  0.532     0.00     0.00     0.00     0.00     0.00 -1    -1e-30      0.00 7.553e-01 2.446e-01 1.688e-05 4.713e-06 4.231e-05 -1.000 1.000e-04 0.288 0.238 0.219 0.228 0.307 0.385 0.532
0.0001 -2.19174 10.00000 0.8437105417 3.0897985941    0.791  1.799  3.7824  2.619    4  0.000  0.532     0.00     0.00     0.00     0.00     0.00 -1    -1e-30      0.00 7.553e-01 2.446e-01 1.688e-05 4.714e-06 4.231e-05 -1.000 1.000e-04 0.273 0.218 0.183 0.191 0.261 0.334 0.475
0.0001 -2.19174 10.00000 0.8437654376 3.0898199136    0.791  1.805  3.7774  2.593    4  0.000  0.532     0.00     0.00     0.00     0.00     0.00 -1    -1e-30      0.00 7.553e-01 2.446e-01 1.688e-05 4.714e-06 4.231e-05 -1.000 1.000e-04 0.257 0.198 0.149 0.156 0.218 0.287 0.424
0.0001 -2.19174 10.00000 0.8438013196 3.0898338472    0.791  1.808  3.7754  2.582    4  0.000  0.532     0.00     0.00     0.00     0.00     0.00 -1    -1e-30      0.00 7.553e-01 2.446e-01 1.688e-05 4.714e-06 4.231e-05 -1.000 1.000e-04 0.250 0.189 0.135 0.142 0.200 0.267 0.402
0.0001 -2.19174 10.00000 0.8438554406 3.0898548612    0.791  1.816  3.7706  2.554    4  0.000  0.532     0.00     0.00     0.00     0.00     0.00 -1    -1e-30      0.00 7.553e-01 2.446e-01 1.688e-05 4.714e-06 4.231e-05 -1.000 1.000e-04 0.229 0.164 0.096 0.102 0.153 0.217 0.347
0.0001 -2.19174 10.00000 0.8439114690 3.0898766128    0.791  1.832  3.7640  2.513    4  0.000  0.532     0.00     0.00     0.00     0.00     0.00 -1    -1e-30      0.00 7.553e-01 2.446e-01 1.688e-05 4.714e-06 4.231e-05 -1.000 9.999e-05 0.191 0.121 0.035 0.040 0.080 0.138 0.262
0.0001 -2.19174 10.00000 0.8439662457 3.0898978756    0.791  1.857  3.7559  2.455    4  0.000  0.532     0.00     0.00     0.00     0.00     0.00 -1    -1e-30      0.00 7.553e-01 2.446e-01 1.688e-05 4.715e-06 4.231e-05 -1.000 9.997e-05 0.128 0.052 -0.057 -0.054 -0.026 0.026 0.142
0.0001 -2.19174 10.00000 0.8439993858 3.0899107383    0.791  1.886  3.7481  2.394    4  0.000  0.532     0.00     0.00     0.00     0.00     0.00 -1    -1e-30      0.00 7.553e-01 2.446e-01 1.688e-05 4.715e-06 4.231e-05 -1.000 1.000e-04 0.055 -0.027 -0.159 -0.157 -0.141 -0.095 0.013
0.0001 -2.19174 10.00000 0.8440159559 3.0899171693    0.791  1.918  3.7408  2.334    4  0.000  0.532     0.00     0.00     0.00     0.00     0.00 -1    -1e-30      0.00 7.553e-01 2.446e-01 1.688e-05 4.715e-06 4.231e-05 -1.000 9.999e-05 -0.024 -0.111 -0.264 -0.263 -0.258 -0.218 -0.116
0.0001 -2.19174 10.00000 0.8440230489 3.0899199220    0.791  1.949  3.7347  2.278    4  0.000  0.532     0.00     0.00     0.00     0.00     0.00 -1    -1e-30      0.00 7.553e-01 2.446e-01 1.688e-05 4.715e-06 4.231e-05 -1.000 1.000e-04 -0.104 -0.194 -0.365 -0.365 -0.369 -0.334 -0.238
0.0001 -2.19174 10.00000 0.8440262675 3.0899211712    0.791  1.980  3.7298  2.227    4  0.000  0.532     0.00     0.00     0.00     0.00     0.00 -1    -1e-30      0.00 7.553e-01 2.446e-01 1.688e-05 4.715e-06 4.231e-05 -1.000 9.996e-05 -0.181 -0.274 -0.460 -0.461 -0.471 -0.441 -0.350
0.0001 -2.19174 10.00000 0.8440279365 3.0899218189    0.791  2.008  3.7262  2.185    4  0.000  0.532     0.00     0.00     0.00     0.00     0.00 -1    -1e-30      0.00 7.553e-01 2.446e-01 1.688e-05 4.715e-06 4.231e-05 -1.000 9.997e-05 -0.249 -0.343 -0.540 -0.542 -0.558 -0.531 -0.443
0.0001 -2.19174 10.00000 0.8440280557 3.0899218651    0.791  2.010  3.7258  2.181    7  0.000  0.532     0.00     0.00     0.00     0.00     0.00 -1    -1e-30      0.00 7.553e-01 2.446e-01 1.688e-05 4.715e-06 4.231e-05 -1.000 9.996e-05 -0.256 -0.350 -0.548 -0.550 -0.566 -0.540 -0.452
0.0001 -2.19174 10.00000 0.8440288305 3.0899221659    0.791  2.035  3.7234  2.147    7  0.000  0.532     0.00     0.00     0.00     0.00     0.00 -1    -1e-30      0.00 7.553e-01 2.446e-01 1.688e-05 4.715e-06 4.231e-05 -1.000 9.996e-05 -0.317 -0.413 -0.618 -0.620 -0.640 -0.616 -0.531
0.0001 -2.19174 10.00000 0.8440299034 3.0899225822    0.791  2.077  3.7198  2.090    7  0.000  0.532     0.00     0.00     0.00     0.00     0.00 -1    -1e-30      0.00 7.553e-01 2.446e-01 1.688e-05 4.715e-06 4.231e-05 -1.000 1.000e-04 -0.422 -0.519 -0.736 -0.738 -0.763 -0.742 -0.661
0.0001 -2.19174 10.00000 0.8440309763 3.0899229986    0.791  2.118  3.7166  2.037    7  0.000  0.532     0.00     0.00     0.00     0.00     0.00 -1    -1e-30      0.00 7.553e-01 2.446e-01 1.688e-05 4.715e-06 4.231e-05 -1.000 9.999e-05 -0.524 -0.622 -0.849 -0.852 -0.882 -0.863 -0.785
0.0001 -2.19174 10.00000 0.8440324068 3.0899235538    0.791  2.168  3.7132  1.973    7  0.000  0.532     0.00     0.00     0.00     0.00     0.00 -1    -1e-30      0.00 7.553e-01 2.446e-01 1.688e-05 4.715e-06 4.231e-05 -1.000 1.001e-04 -0.649 -0.748 -0.986 -0.989 -1.024 -1.008 -0.933
0.0001 -2.19174 10.00000 0.8440356851 3.0899248260    0.791  2.170  3.7134  1.972    7  0.000  0.532     0.00     0.00     0.00     0.00     0.00 -1    -1e-30      0.00 7.553e-01 2.446e-01 1.688e-05 4.715e-06 4.231e-05 -1.000 9.999e-05 -0.655 -0.754 -0.991 -0.994 -1.029 -1.013 -0.938
0.0001 -2.19174 10.00000 0.8440538049 3.0899318578    0.791  2.144  3.7148  2.003    7  0.000  0.532     0.00     0.00     0.00     0.00     0.00 -1    -1e-30      0.00 7.553e-01 2.446e-01 1.688e-05 4.715e-06 4.231e-05 -1.000 9.993e-05 -0.591 -0.689 -0.922 -0.925 -0.957 -0.940 -0.864
0.0001 -2.19174 10.00000 0.8440762758 3.0899405777    0.791  2.181  3.7121  1.955    7  0.000  0.532     0.00     0.00     0.00     0.00     0.00 -1    -1e-30      0.00 7.552e-01 2.447e-01 1.688e-05 4.715e-06 4.231e-05 -1.000 1.000e-04 -0.684 -0.783 -1.025 -1.028 -1.065 -1.050 -0.976
0.0001 -2.19174 10.00000 0.8440961242 3.0899482796    0.791  2.225  3.7092  1.900    7  0.000  0.532     0.00     0.00     0.00     0.00     0.00 -1    -1e-30      0.00 7.552e-01 2.447e-01 1.688e-05 4.715e-06 4.231e-05 -1.000 9.997e-05 -0.792 -0.892 -1.143 -1.147 -1.187 -1.175 -1.104
0.0001 -2.19174 10.00000 0.8441100717 3.0899536914    0.791  2.259  3.7070  1.857    7  0.000  0.532     0.00     0.00     0.00     0.00     0.00 -1    -1e-30      0.00 7.552e-01 2.447e-01 1.688e-05 4.715e-06 4.231e-05 -1.000 1.000e-04 -0.878 -0.979 -1.237 -1.241 -1.285 -1.274 -1.205
0.0001 -2.19174 10.00000 0.8441277742 3.0899605601    0.791  2.301  3.7045  1.805    7  0.000  0.532     0.00     0.00     0.00     0.00     0.00 -1    -1e-30      0.00 7.552e-01 2.447e-01 1.688e-05 4.715e-06 4.231e-05 -1.000 9.999e-05 -0.983 -1.084 -1.351 -1.355 -1.403 -1.394 -1.328
0.0001 -2.19174 10.00000 0.8441444039 3.0899670122    0.791  2.340  3.7022  1.757    7  0.000  0.532     0.00     0.00     0.00     0.00     0.00 -1    -1e-30      0.00 7.552e-01 2.447e-01 1.688e-05 4.716e-06 4.231e-05 -1.000 1.000e-04 -1.081 -1.183 -1.457 -1.462 -1.512 -1.506 -1.441
0.0001 -2.19174 10.00000 0.8441596627 3.0899729322    0.791  2.380  3.7000  1.708    7  0.000  0.532     0.00     0.00     0.00     0.00     0.00 -1    -1e-30      0.00 7.552e-01 2.447e-01 1.688e-05 4.717e-06 4.231e-05 -1.000 1.001e-04 -1.180 -1.283 -1.564 -1.569 -1.623 -1.619 -1.556
0.0001 -2.19174 10.00000 0.8441734910 3.0899782970    0.791  2.420  3.6978  1.659    7  0.000  0.531     0.00     0.00     0.00     0.00     0.00 -1    -1e-30      0.00 7.552e-01 2.447e-01 1.685e-05 4.729e-06 4.232e-05 -1.000 9.999e-05 -1.280 -1.383 -1.672 -1.678 -1.735 -1.733 -1.672
0.0001 -2.19174 10.00000 0.8441860080 3.0899831529    0.791  2.461  3.6956  1.610    7  0.000  0.527     0.00     0.00     0.00     0.00     0.00 -1    -1e-30      0.00 7.550e-01 2.449e-01 1.674e-05 4.796e-06 4.233e-05 -1.000 7.020e-05 -1.382 -1.485 -1.781 -1.787 -1.848 -1.847 -1.789
0.0001 -2.19174 10.00000 0.8441974521 3.0899875924    0.791  2.501  3.6934  1.560    7  0.000  0.518     5.87     4.77     3.41     2.63     2.13  3    -1e-30      0.00 7.548e-01 2.451e-01 1.644e-05 5.082e-06 4.235e-05 -1.000 7.871e-05 -1.484 -1.587 -1.891 -1.897 -1.961 -1.962 -1.906
0.0001 -2.19174 10.00000 0.8442077041 3.0899915694    0.791  2.542  3.6912  1.511    7  0.000  0.502     6.52     5.22     3.71     2.87     2.32  3    -1e-30      0.00 7.546e-01 2.453e-01 1.596e-05 5.643e-06 4.236e-05 -1.000 1.000e-04 -1.586 -1.688 -2.000 -2.007 -2.074 -2.077 -2.023
0.0001 -2.19174 10.00000 0.8442170024 3.0899951764    0.791  2.582  3.6891  1.462    7  0.000  0.487     7.23     5.70     4.04     3.13     2.53  3    -1e-30      0.00 7.544e-01 2.455e-01 1.548e-05 6.239e-06 4.238e-05 -1.000 9.996e-05 -1.686 -1.788 -2.108 -2.115 -2.186 -2.190 -2.138
0.0001 -2.19174 10.00000 0.8442255855 3.0899985058    0.791  2.623  3.6870  1.413    7  0.000  0.474     8.02     6.23     4.40     3.41     2.76  3    -1e-30      0.00 7.542e-01 2.457e-01 1.506e-05 6.755e-06 4.239e-05 -1.000 1.000e-04 -1.787 -1.889 -2.216 -2.224 -2.298 -2.304 -2.254
0.0001 -2.19174 10.00000 0.8442335129 3.0900015809    0.791  2.663  3.6848  1.365    7  0.000  0.462     8.89     6.80     4.78     3.71     3.00  3    -1e-30      0.00 7.540e-01 2.459e-01 1.470e-05 7.195e-06 4.240e-05 -1.000 9.999e-05 -1.887 -1.988 -2.324 -2.331 -2.408 -2.417 -2.369
0.0001 -2.19174 10.00000 0.8442410827 3.0900045171    0.791  2.703  3.6827  1.317    7  0.000  0.453     9.85     7.42     5.20     4.03     3.27  3    -1e-30      0.00 7.538e-01 2.461e-01 1.440e-05 7.570e-06 4.240e-05 -1.000 9.993e-05 -1.986 -2.088 -2.431 -2.439 -2.519 -2.530 -2.483
0.0001 -2.19174 10.00000 0.8442484140 3.0900073608    0.791  2.742  3.6806  1.268    7  0.000  0.444    10.91     8.10     5.65     4.39     3.56  3    -1e-30      0.00 7.535e-01 2.464e-01 1.413e-05 7.907e-06 4.240e-05 -1.000 1.000e-04 -2.086 -2.186 -2.538 -2.546 -2.630 -2.642 -2.598
0.0001 -2.19174 10.00000 0.8442555070 3.0900101120    0.791  2.783  3.6784  1.219    7  0.000  0.437    12.11     8.85     6.15     4.79     3.88  3    -1e-30      0.00 7.533e-01 2.466e-01 1.390e-05 8.195e-06 4.238e-05 -1.000 9.921e-05 -2.187 -2.286 -2.646 -2.655 -2.742 -2.756 -2.714
0.0001 -2.19174 10.00000 0.8442620039 3.0900126320    0.791  2.823  3.6762  1.170    7  0.000  0.431    13.45     9.68     6.70     5.22     4.23  2    -1e-30      0.00 7.530e-01 2.469e-01 1.370e-05 8.448e-06 4.235e-05 -1.000 9.756e-05 -2.289 -2.386 -2.755 -2.764 -2.855 -2.871 -2.831
0.0001 -2.19174 10.00000 0.8442675471 3.0900147820    0.791  2.863  3.6740  1.121    7  0.000  0.426    14.91    10.57     7.29     5.69     4.61  2    -1e-30      0.00 7.528e-01 2.471e-01 1.352e-05 8.684e-06 4.228e-05 -1.000 1.000e-04 -2.388 -2.484 -2.862 -2.872 -2.966 -2.984 -2.946
0.0001 -2.19174 10.00000 0.8442724943 3.0900167008    0.791  2.904  3.6717  1.071    7  0.000  0.423    16.57    11.56     7.94     6.21     5.03  2    -1e-30      0.00 7.525e-01 2.474e-01 1.337e-05 8.916e-06 4.218e-05 -1.000 9.993e-05 -2.490 -2.584 -2.972 -2.982 -3.079 -3.100 -3.064
0.0001 -2.19174 10.00000 0.8442766666 3.0900183191    0.791  2.944  3.6695  1.022    7  0.000  0.420    18.38    12.63     8.64     6.76     5.48  2    -1e-30      0.00 7.523e-01 2.476e-01 1.324e-05 9.158e-06 4.204e-05 -1.000 1.000e-04 -2.590 -2.682 -3.079 -3.089 -3.191 -3.213 -3.179
0.0001 -2.19174 10.00000 0.8442804217 3.0900197755    0.791  2.983  3.6672  0.974    7  0.000  0.418    20.37    13.79     9.39     7.36     5.97  2    -1e-30      0.00 7.520e-01 2.479e-01 1.313e-05 9.411e-06 4.188e-05 -1.000 1.000e-04 -2.688 -2.778 -3.185 -3.196 -3.301 -3.326 -3.294
0.0001 -2.19174 10.00000 0.8442844152 3.0900213244    0.791  3.024  3.6648  0.923    7  0.000  0.417    22.66    15.10    10.25     8.04     6.52  2    -1e-30      0.00 7.518e-01 2.481e-01 1.305e-05 9.651e-06 4.172e-05 -1.000 9.997e-05 -2.790 -2.877 -3.295 -3.306 -3.416 -3.442 -3.412
0.0001 -2.19174 10.00000 0.8442877531 3.0900226190    0.791  3.062  3.6626  0.876    7  0.000  0.416    25.04    16.45    11.12     8.73     7.08  2    -1e-30      0.00 7.516e-01 2.483e-01 1.298e-05 9.853e-06 4.158e-05 -1.000 5.382e-05 -2.886 -2.969 -3.398 -3.410 -3.523 -3.551 -3.523
0.0001 -2.19174 10.00000 0.8442897797 3.0900234050    0.791  3.103  3.6601  0.826    7  0.000  0.416    27.85    18.01    12.12     9.54     7.74  1    -1e-30      0.00 7.515e-01 2.484e-01 1.294e-05 9.981e-06 4.148e-05 -1.000 9.960e-05 -2.987 -3.067 -3.507 -3.519 -3.637 -3.667 -3.641
0.0001 -2.19174 10.00000 0.8442901373 3.0900235437    0.791  3.061  3.6627  0.878    7  0.000  0.416    24.95    16.39    11.08     8.71     7.06  1    -1e-30      0.00 7.513e-01 2.486e-01 1.289e-05 1.017e-05 4.134e-05 -1.000 9.994e-05 -2.883 -2.966 -3.394 -3.406 -3.519 -3.547 -3.519
0.0001 -2.19174 10.00000 0.8442902565 3.0900235899    0.791  3.059  3.6628  0.881    7  0.000  0.416    24.78    16.30    11.02     8.66     7.02  1    -1e-30      0.00 7.513e-01 2.486e-01 1.289e-05 1.018e-05 4.133e-05 -1.000 9.996e-05 -2.876 -2.960 -3.388 -3.400 -3.512 -3.540 -3.512
0.0001 -2.19174 10.00000 0.8442904353 3.0900236593    0.791  3.078  3.6617  0.857    7  0.000  0.416    26.08    17.03    11.49     9.03     7.33  1    -1e-30      0.00 7.513e-01 2.486e-01 1.288e-05 1.019e-05 4.132e-05 -1.000 1.000e-04 -2.925 -3.007 -3.440 -3.452 -3.567 -3.596 -3.568
0.0001 -2.19174 10.00000 0.8442905545 3.0900237055    0.791  3.096  3.6605  0.834    7  0.000  0.416    27.36    17.74    11.95     9.40     7.62  1    -1e-30      0.00 7.513e-01 2.486e-01 1.288e-05 1.020e-05 4.132e-05 -1.000 9.999e-05 -2.970 -3.051 -3.489 -3.501 -3.618 -3.648 -3.621
0.0001 -2.19174 10.00000 0.8442907333 3.0900237748    0.791  3.117  3.6592  0.808    7  0.000  0.416    28.92    18.60    12.50     9.84     7.98  1    -1e-30      0.00 7.513e-01 2.486e-01 1.288e-05 1.021e-05 4.131e-05 -1.000 1.000e-04 -3.023 -3.101 -3.546 -3.558 -3.677 -3.708 -3.683
0.0001 -2.19174 10.00000 0.8442909718 3.0900238673    0.791  3.139  3.6578  0.781    7  0.000  0.416    30.65    19.54    13.11    10.32     8.38  1    -1e-30      0.00 7.511e-01 2.488e-01 1.284e-05 1.037e-05 4.118e-05 -1.000 9.999e-05 -3.077 -3.154 -3.605 -3.618 -3.739 -3.771 -3.748
0.0001 -2.19174 10.00000 0.8442913294 3.0900240060    0.791  3.175  3.6555  0.736    7  0.000  0.415    33.73    21.21    14.17    11.17     9.07  1    -1e-30      0.00 7.509e-01 2.490e-01 1.279e-05 1.054e-05 4.106e-05 -1.000 9.999e-05 -3.167 -3.240 -3.702 -3.716 -3.842 -3.875 -3.854
0.0001 -2.19174 10.00000 0.8442918658 3.0900242141    0.791  3.226  3.6522  0.671    7  0.000  0.415    38.67    23.83    15.84    12.51    10.16  1    -1e-30      0.00 7.505e-01 2.494e-01 1.269e-05 1.096e-05 4.075e-05 -1.000 9.997e-05 -3.295 -3.360 -3.840 -3.854 -3.986 -4.023 -4.005
0.0001 -2.19174 10.00000 0.8442924619 3.0900244452    0.791  3.252  3.6486  0.631    8  0.525  0.430    42.10    25.62    16.97    13.42    10.90  1 -4.14e-07      0.00 7.501e-01 2.498e-01 1.319e-05 1.127e-05 4.093e-05 -1.000 1.242e-04 -3.360 -3.414 -3.912 -3.928 -4.067 -4.108 -4.094
0.0001 -2.19174 10.00000 0.8442925215 3.0900244684    0.790  3.050  3.6613  0.883    8  0.525  0.430    24.67    16.24    10.98     8.63     7.00  1 -1.86e-07      0.00 7.501e-01 2.498e-01 1.319e-05 1.127e-05 4.093e-05 -1.000 1.242e-04 -2.855 -2.936 -3.369 -3.381 -3.497 -3.526 -3.500
0.0001 -2.19174 10.00000 0.8442926407 3.0900245146    0.787  2.900  3.6704  1.068    8  0.525  0.430    16.67    11.62     7.98     6.24     5.05  2 -1.08e-07      0.00 7.501e-01 2.498e-01 1.319e-05 1.127e-05 4.093e-05 -1.000 1.242e-04 -2.480 -2.572 -2.965 -2.975 -3.076 -3.097 -3.062
0.0001 -2.19174 10.00000 0.8442929387 3.0900246302    0.782  2.673  3.6841  1.347    8  0.525  0.430     9.20     7.00     4.92     3.82     3.09  3 -5.12e-08      0.00 7.501e-01 2.498e-01 1.319e-05 1.127e-05 4.093e-05 -1.000 1.243e-04 -1.912 -2.014 -2.352 -2.360 -2.438 -2.447 -2.400
0.0001 -2.19174 10.00000 0.8442932963 3.0900247689    0.776  2.677  3.6836  1.337    8  0.525  0.430     9.36     7.11     4.99     3.87     3.13  3 -5.22e-08      0.00 7.501e-01 2.498e-01 1.319e-05 1.127e-05 4.093e-05 -1.000 1.243e-04 -1.922 -2.023 -2.363 -2.371 -2.450 -2.459 -2.412
0.0001 -2.19174 10.00000 0.8442937136 3.0900249307    0.767  2.743  3.6793  1.250    8  0.525  0.430    11.25     8.31     5.79     4.51     3.65  3 -6.51e-08      0.00 7.501e-01 2.498e-01 1.319e-05 1.127e-05 4.093e-05 -1.000 1.242e-04 -2.087 -2.186 -2.542 -2.551 -2.637 -2.650 -2.607
0.0001 -2.19174 10.00000 0.8442942500 3.0900251387    0.757  2.923  3.6680  1.019    8  0.526  0.430    18.29    12.57     8.59     6.73     5.46  2 -1.22e-07      0.00 7.501e-01 2.498e-01 1.319e-05 1.127e-05 4.093e-05 -1.000 1.243e-04 -2.536 -2.627 -3.030 -3.040 -3.144 -3.168 -3.135
0.0001 -2.19174 10.00000 0.8442949057 3.0900253930    0.746  3.090  3.6574  0.802    8  0.526  0.430    28.88    18.52    12.43     9.81     7.95  1 -2.32e-07      0.00 7.501e-01 2.498e-01 1.319e-05 1.127e-05 4.093e-05 -1.000 1.243e-04 -2.955 -3.031 -3.483 -3.496 -3.619 -3.651 -3.628
0.0001 -2.19174 10.00000 0.8442956209 3.0900256704    0.732  3.202  3.6501  0.654    8  0.526  0.430    39.46    24.12    15.99    12.67    10.28  1 -3.74e-07      0.00 7.501e-01 2.498e-01 1.319e-05 1.127e-05 4.093e-05 -1.000 1.243e-04 -3.234 -3.294 -3.784 -3.798 -3.935 -3.974 -3.958
0.0001 -2.19174 10.00000 0.8442964554 3.0900259941    0.718  3.262  3.6460  0.568    8  0.527  0.430    47.12    27.99    18.43    14.64    11.88  1 -4.95e-07      0.00 7.501e-01 2.498e-01 1.319e-05 1.127e-05 4.093e-05 -1.000 1.242e-04 -3.384 -3.431 -3.944 -3.960 -4.105 -4.148 -4.137
0.0001 -2.19174 10.00000 0.8442973495 3.0900263408    0.702  3.289  3.6438  0.522    8  0.527  0.430    51.75    30.24    19.83    15.79    12.82  1 -5.75e-07      0.00 7.501e-01 2.498e-01 1.319e-05 1.127e-05 4.093e-05 -1.000 1.243e-04 -3.453 -3.493 -4.019 -4.035 -4.185 -4.230 -4.221
0.0001 -2.19174 10.00000 0.8442983627 3.0900267338    0.685  3.303  3.6424  0.492    8  0.528  0.430    54.92    31.73    20.75    16.55    13.43  1 -6.33e-07      0.00 7.501e-01 2.498e-01 1.319e-05 1.127e-05 4.093e-05 -1.000 1.243e-04 -3.487 -3.522 -4.057 -4.074 -4.226 -4.273 -4.265
0.0001 -2.19174 10.00000 0.8443043232 3.0900290455    0.531 -9.999  4.0000  1.852    9  0.531  0.000     0.00     0.00     0.00     0.00     0.00 -1    -1e-30      0.00 7.501e-01 2.498e-01 1.319e-05 1.127e-05 4.093e-05 -1.000 1.243e-04 29.767 30.333 30.767 30.803 31.146 31.317 31.565
#isochrone terminated
