# File generated by CMD 3.8 (http://stev.oapd.inaf.it/cmd) on Fri Jan 23 16:53:37 UTC 2026
# isochrones based on PARSEC release v1.2S +  COLIBRI S_37 + S_35 + PR16
# Basic references: Bressan et al. (2012), MNRAS, 427, 127 + Chen et al. (2014, 2015), MNRAS, 444, 2525 + MNRAS, 452, 1068 + Tang et al. (2014), MNRAS, 445, 4287 + Marigo et al. (2017), ApJ, 835, 77 + Pastorelli al. (2019), MNRAS, 485, 5666 + Pastorelli al. (2020), MNRAS, in press
# Thermal pulse cycles included 
# On RGB, assumed Reimers mass loss with efficiency eta=0.2
# LPV periods and growth rates added cf. Trabucchi et al. (2019)
# but fundamental-mode LPV periods + transition are from Trabucchi et al. (2021)
# Photometric system: Euclid VIS+NISP (ABmags)
# Using OBC version of bolometric corrections as detailed in Marigo et al. (2008, A&A 482, 883) and Girardi et al. (2008, PASP 120, 583
# O-rich circumstellar dpmod60alox40 dust from Groenewegen (2006)
# C-rich circumstellar AMCSIC15 dust from Groenewegen (2006)
# IMF: Chabrier (2001) lognormal 
# Kind of output: isochrone tables
# Zini     MH   logAge Mini        int_IMF         Mass   logL    logTe  logg  label   McoreTP C_O  period0  period1  period2  period3  period4  pmode  Mloss  tau1m   X   Y   Xc  Xn  Xo  Cexcess  Z 	 mbolmag  VISmag  Ymag    Bluemag  Jmag    Redmag  Hmag
0.0002 -1.89055 10.00000 0.0900000036 1.4676543549    0.090 -3.205  3.4872  5.498    1  0.000  0.545     0.00     0.00     0.00     0.00     0.00 -1 -4.66e-17      0.00 7.488e-01 2.510e-01 3.596e-05 9.702e-06 8.799e-05 -1.000 2.000e-04 12.782 13.182 11.948 11.914 11.731 11.764 11.890
0.0002 -1.89055 10.00000 0.0904410109 1.4724080335    0.090 -3.187  3.4899  5.493    1  0.000  0.545     0.00     0.00     0.00     0.00     0.00 -1 -4.88e-17      0.00 7.487e-01 2.511e-01 3.596e-05 9.702e-06 8.799e-05 -1.000 1.999e-04 12.737 13.128 11.911 11.877 11.694 11.723 11.843
0.0002 -1.89055 10.00000 0.0971364304 1.5420090637    0.097 -2.925  3.5284  5.416    1  0.000  0.545     0.00     0.00     0.00     0.00     0.00 -1 -9.38e-17      0.00 7.472e-01 2.526e-01 3.596e-05 9.702e-06 8.799e-05 -1.000 2.000e-04 12.084 12.335 11.355 11.326 11.149 11.137 11.192
0.0002 -1.89055 10.00000 0.1000000015 1.5704020300    0.100 -2.819  3.5441  5.386    1  0.000  0.545     0.00     0.00     0.00     0.00     0.00 -1 -1.22e-16      0.00 7.466e-01 2.532e-01 3.596e-05 9.702e-06 8.799e-05 -1.000 2.000e-04 11.819 12.011 11.122 11.096 10.929 10.909 10.950
0.0002 -1.89055 10.00000 0.1199999973 1.7478251425    0.120 -2.525  3.5748  5.293    1  0.000  0.545     0.00     0.00     0.00     0.00     0.00 -1 -2.45e-16      0.00 7.438e-01 2.560e-01 3.596e-05 9.702e-06 8.800e-05 -1.000 1.999e-04 11.082 11.172 10.434 10.412 10.274 10.250 10.279
0.0002 -1.89055 10.00000 0.1400000006 1.8958494754    0.140 -2.342  3.5896  5.236    1  0.000  0.545     0.00     0.00     0.00     0.00     0.00 -1 -3.69e-16      0.00 7.419e-01 2.579e-01 3.596e-05 9.703e-06 8.800e-05 -1.000 2.001e-04 10.624 10.657 9.983 9.964 9.841 9.820 9.851
0.0002 -1.89055 10.00000 0.1599999964 2.0211524514    0.160 -2.199  3.5991  5.190    1  0.000  0.545     0.00     0.00     0.00     0.00     0.00 -1 -5.05e-16      0.00 7.406e-01 2.592e-01 3.596e-05 9.703e-06 8.800e-05 -1.000 1.999e-04 10.268 10.258 9.640 9.623 9.513 9.493 9.522
0.0002 -1.89055 10.00000 0.2000000179 2.2217823660    0.200 -1.979  3.6113  5.115    1  0.000  0.545     0.00     0.00     0.00     0.00     0.00 -1 -8.16e-16      0.00 7.396e-01 2.602e-01 3.596e-05 9.703e-06 8.800e-05 -1.000 2.000e-04 9.717 9.687 9.114 9.100 8.997 8.978 9.006
0.0002 -1.89055 10.00000 0.2500000000 2.4080900156    0.250 -1.776  3.6223  5.053    1  0.000  0.545     0.00     0.00     0.00     0.00     0.00 -1 -1.25e-15      0.00 7.397e-01 2.601e-01 3.596e-05 9.703e-06 8.800e-05 -1.000 2.000e-04 9.210 9.163 8.629 8.617 8.522 8.504 8.533
0.0002 -1.89055 10.00000 0.3000000417 2.5475041333    0.300 -1.620  3.6314  5.013    1  0.000  0.545     0.00     0.00     0.00     0.00     0.00 -1 -1.72e-15      0.00 7.399e-01 2.599e-01 3.595e-05 9.704e-06 8.800e-05 -1.000 2.001e-04 8.820 8.758 8.258 8.247 8.159 8.145 8.177
0.0002 -1.89055 10.00000 0.3499999940 2.6555200523    0.350 -1.492  3.6397  4.985    1  0.000  0.544     0.00     0.00     0.00     0.00     0.00 -1  -2.2e-15      0.00 7.398e-01 2.600e-01 3.593e-05 9.705e-06 8.800e-05 -1.000 2.000e-04 8.501 8.425 7.956 7.945 7.864 7.854 7.890
0.0002 -1.89055 10.00000 0.4000000060 2.7413371470    0.400 -1.368  3.6487  4.955    1  0.000  0.545     0.00     0.00     0.00     0.00     0.00 -1 -2.84e-15      0.00 7.503e-01 2.495e-01 3.596e-05 9.702e-06 8.799e-05 -1.000 2.000e-04 8.190 8.101 7.663 7.654 7.581 7.575 7.617
0.0002 -1.89055 10.00000 0.4500000179 2.8109800195    0.450 -1.214  3.6638  4.912    1  0.000  0.545     0.00     0.00     0.00     0.00     0.00 -1    -4e-15      0.00 7.507e-01 2.491e-01 3.596e-05 9.702e-06 8.799e-05 -1.000 2.000e-04 7.805 7.697 7.313 7.306 7.247 7.249 7.301
0.0002 -1.89055 10.00000 0.5000000000 2.8684779154    0.500 -1.043  3.6820  4.859    1  0.000  0.545     0.00     0.00     0.00     0.00     0.00 -1 -5.99e-15      0.00 7.507e-01 2.491e-01 3.596e-05 9.702e-06 8.799e-05 -1.000 2.000e-04 7.377 7.254 6.930 6.926 6.886 6.900 6.965
0.0002 -1.89055 10.00000 0.5500000715 2.9166349106    0.550 -0.846  3.7018  4.783    1  0.000  0.544     0.00     0.00     0.00     0.00     0.00 -1  -9.8e-15      0.00 7.791e-01 2.208e-01 3.213e-05 8.672e-06 7.868e-05 -1.000 1.014e-04 6.885 6.758 6.497 6.496 6.477 6.503 6.583
0.0002 -1.89055 10.00000 0.6000000238 2.9573988213    0.600 -0.647  3.7261  4.719    1  0.000  0.544     0.00     0.00     0.00     0.00     0.00 -1  -1.6e-14      0.00 7.895e-01 2.103e-01 3.077e-05 8.310e-06 7.543e-05 -1.000 2.001e-04 6.388 6.273 6.084 6.084 6.092 6.131 6.229
0.0002 -1.89055 10.00000 0.6005010009 2.9577757740    0.600 -0.645  3.7264  4.719    1  0.000  0.544     0.00     0.00     0.00     0.00     0.00 -1  -1.6e-14      0.00 7.896e-01 2.102e-01 3.075e-05 8.306e-06 7.539e-05 -1.000 2.000e-04 6.382 6.268 6.080 6.080 6.088 6.127 6.226
0.0002 -1.89055 10.00000 0.6130759120 2.9670528523    0.613 -0.593  3.7334  4.704    1  0.000  0.544     0.00     0.00     0.00     0.00     0.00 -1 -1.82e-14      0.00 7.929e-01 2.069e-01 3.033e-05 8.194e-06 7.438e-05 -1.000 1.999e-04 6.252 6.145 5.976 5.978 5.992 6.035 6.138
0.0002 -1.89055 10.00000 0.6277009249 2.9774141039    0.627 -0.532  3.7416  4.686    1  0.000  0.543     0.00     0.00     0.00     0.00     0.00 -1 -2.11e-14      0.00 7.969e-01 2.029e-01 2.981e-05 8.055e-06 7.314e-05 -1.000 1.724e-04 6.100 6.003 5.856 5.859 5.880 5.928 6.036
0.0002 -1.89055 10.00000 0.6411740184 2.9865700391    0.641 -0.476  3.7491  4.669    1  0.000  0.543     0.00     0.00     0.00     0.00     0.00 -1 -2.43e-14      0.00 8.009e-01 1.990e-01 2.930e-05 7.920e-06 7.192e-05 -1.000 1.618e-04 5.959 5.873 5.746 5.750 5.778 5.829 5.943
0.0002 -1.89055 10.00000 0.6499999762 2.9923687038    0.650 -0.438  3.7540  4.657    1  0.000  0.543     0.00     0.00     0.00     0.00     0.00 -1 -2.66e-14      0.00 8.036e-01 1.962e-01 2.896e-05 7.826e-06 7.108e-05 -1.000 1.877e-04 5.866 5.788 5.674 5.677 5.710 5.764 5.881
0.0002 -1.89055 10.00000 0.6621206999 3.0000876659    0.662 -0.387  3.7604  4.639    1  0.000  0.543     0.00     0.00     0.00     0.00     0.00 -1 -3.03e-14      0.00 8.083e-01 1.915e-01 2.835e-05 7.665e-06 6.963e-05 -1.000 1.473e-04 5.737 5.669 5.571 5.576 5.615 5.672 5.793
0.0002 -1.89055 10.00000 0.6765359044 3.0089185331    0.676 -0.325  3.7678  4.616    1  0.000  0.542     0.00     0.00     0.00     0.00     0.00 -1 -3.55e-14      0.00 8.144e-01 1.855e-01 2.757e-05 7.457e-06 6.777e-05 -1.000 1.454e-04 5.583 5.526 5.448 5.453 5.499 5.560 5.686
0.0002 -1.89055 10.00000 0.6902233958 3.0169724024    0.690 -0.265  3.7747  4.593    1  0.000  0.542     0.00     0.00     0.00     0.00     0.00 -1 -4.14e-14      0.00 8.206e-01 1.792e-01 2.677e-05 7.243e-06 6.584e-05 -1.000 2.000e-04 5.434 5.389 5.328 5.334 5.387 5.452 5.583
0.0002 -1.89055 10.00000 0.6999999881 3.0225380160    0.700 -0.222  3.7795  4.575    1  0.000  0.542     0.00     0.00     0.00     0.00     0.00 -1 -4.63e-14      0.00 8.254e-01 1.744e-01 2.615e-05 7.079e-06 6.438e-05 -1.000 2.000e-04 5.326 5.289 5.241 5.247 5.304 5.372 5.506
0.0002 -1.89055 10.00000 0.7004695535 3.0228015385    0.700 -0.220  3.7797  4.574    1  0.000  0.542     0.00     0.00     0.00     0.00     0.00 -1 -4.65e-14      0.00 8.257e-01 1.741e-01 2.612e-05 7.071e-06 6.430e-05 -1.000 1.994e-04 5.320 5.284 5.237 5.243 5.300 5.368 5.503
0.0002 -1.89055 10.00000 0.7130185366 3.0297193813    0.713 -0.163  3.7855  4.548    1  0.000  0.539     0.00     0.00     0.00     0.00     0.00 -1 -5.43e-14      0.00 8.328e-01 1.670e-01 2.517e-05 6.840e-06 6.226e-05 -1.000 1.733e-04 5.177 5.151 5.118 5.125 5.189 5.260 5.399
0.0002 -1.89055 10.00000 0.7251088023 3.0361646650    0.725 -0.106  3.7910  4.520    1  0.000  0.536     0.00     0.00     0.00     0.00     0.00 -1 -6.34e-14      0.00 8.394e-01 1.605e-01 2.432e-05 6.634e-06 6.045e-05 -1.000 1.000e-04 5.034 5.017 4.998 5.005 5.076 5.150 5.293
0.0002 -1.89055 10.00000 0.7358694077 3.0417283293    0.736 -0.053  3.7957  4.492    1  0.000  0.534     0.00     0.00     0.00     0.00     0.00 -1 -7.32e-14      0.00 8.449e-01 1.550e-01 2.364e-05 6.471e-06 5.901e-05 -1.000 1.276e-04 4.903 4.893 4.886 4.894 4.970 5.048 5.194
0.0002 -1.89055 10.00000 0.7460150123 3.0468314318    0.746 -0.001  3.8000  4.464    1  0.000  0.532     0.00     0.00     0.00     0.00     0.00 -1 -8.47e-14      0.00 8.496e-01 1.503e-01 2.308e-05 6.339e-06 5.786e-05 -1.000 1.078e-04 4.773 4.769 4.773 4.782 4.864 4.944 5.095
0.0002 -1.89055 10.00000 0.7500000000 3.0487992053    0.750  0.020  3.8017  4.452    1  0.000  0.531     0.00     0.00     0.00     0.00     0.00 -1 -8.99e-14      0.00 8.514e-01 1.485e-01 2.289e-05 6.293e-06 5.746e-05 -1.000 9.997e-05 4.720 4.719 4.727 4.736 4.820 4.902 5.053
0.0002 -1.89055 10.00000 0.7575349212 3.0524650540    0.757  0.061  3.8050  4.429    1  0.000  0.531     0.00     0.00     0.00     0.00     0.00 -1 -1.01e-13      0.00 8.522e-01 1.476e-01 2.291e-05 6.301e-06 5.755e-05 -1.000 1.141e-04 4.618 4.622 4.639 4.649 4.737 4.821 4.975
0.0002 -1.89055 10.00000 0.7672262192 3.0570773400    0.767  0.116  3.8093  4.396    1  0.000  0.530     0.00     0.00     0.00     0.00     0.00 -1 -1.18e-13      0.00 8.532e-01 1.467e-01 2.294e-05 6.313e-06 5.769e-05 -1.000 1.003e-04 4.480 4.490 4.518 4.528 4.622 4.709 4.867
0.0002 -1.89055 10.00000 0.7758106589 3.0610695096    0.775  0.168  3.8130  4.363    1  0.000  0.530     0.00     0.00     0.00     0.00     0.00 -1 -1.38e-13      0.00 8.540e-01 1.459e-01 2.298e-05 6.327e-06 5.785e-05 -1.000 1.506e-04 4.349 4.363 4.401 4.412 4.512 4.601 4.763
0.0002 -1.89055 10.00000 0.7840024233 3.0648000095    0.783  0.222  3.8165  4.328    1  0.000  0.529     0.00     0.00     0.00     0.00     0.00 -1 -1.61e-13      0.00 8.546e-01 1.453e-01 2.303e-05 6.342e-06 5.801e-05 -1.000 1.362e-04 4.215 4.233 4.281 4.292 4.396 4.489 4.654
0.0002 -1.89055 10.00000 0.7915527225 3.0681720728    0.791  0.275  3.8196  4.291    1  0.000  0.529     0.00     0.00     0.00     0.00     0.00 -1 -1.89e-13      0.00 8.551e-01 1.448e-01 2.308e-05 6.360e-06 5.818e-05 -1.000 1.165e-04 4.082 4.103 4.159 4.171 4.280 4.375 4.542
0.0002 -1.89055 10.00000 0.7984629273 3.0712035175    0.797  0.328  3.8223  4.253    1  0.000  0.529     0.00     0.00     0.00     0.00     0.00 -1 -2.22e-13      0.00 8.555e-01 1.444e-01 2.314e-05 6.378e-06 5.836e-05 -1.000 1.000e-04 3.950 3.975 4.038 4.050 4.163 4.260 4.430
0.0002 -1.89055 10.00000 0.8000000119 3.0718705846    0.799  0.340  3.8229  4.244    1  0.000  0.529     0.00     0.00     0.00     0.00     0.00 -1  -2.3e-13      0.00 8.555e-01 1.444e-01 2.315e-05 6.382e-06 5.840e-05 -1.000 9.997e-05 3.920 3.945 4.010 4.022 4.136 4.234 4.404
0.0002 -1.89055 10.00000 0.8062519431 3.0745569540    0.805  0.391  3.8251  4.205    1  0.000  0.529     0.00     0.00     0.00     0.00     0.00 -1  -2.7e-13      0.00 8.551e-01 1.448e-01 2.322e-05 6.400e-06 5.857e-05 -1.000 1.128e-04 3.793 3.820 3.891 3.904 4.021 4.121 4.293
0.0002 -1.89055 10.00000 0.8137125373 3.0777073226    0.812  0.456  3.8269  4.151    1  0.000  0.529     0.00     0.00     0.00     0.00     0.00 -1 -3.32e-13      0.00 8.527e-01 1.471e-01 2.353e-05 6.484e-06 5.933e-05 -1.000 1.280e-04 3.629 3.657 3.733 3.746 3.867 3.968 4.142
0.0002 -1.89055 10.00000 0.8148087263 3.0781652272    0.814  0.467  3.8269  4.141    1  0.000  0.529     0.00     0.00     0.00     0.00     0.00 -1 -3.46e-13      0.00 8.524e-01 1.475e-01 2.357e-05 6.496e-06 5.944e-05 -1.000 1.302e-04 3.603 3.631 3.707 3.720 3.841 3.942 4.116
0.0002 -1.89055 10.00000 0.8164846897 3.0788628818    0.815  0.484  3.8267  4.124    1  0.000  0.529     0.00     0.00     0.00     0.00     0.00 -1 -3.66e-13      0.00 8.519e-01 1.480e-01 2.364e-05 6.515e-06 5.961e-05 -1.000 1.336e-04 3.559 3.586 3.662 3.675 3.796 3.897 4.071
0.0002 -1.89055 10.00000 0.8212357163 3.0808247366    0.820  0.537  3.8253  4.069    1  0.000  0.529     0.00     0.00     0.00     0.00     0.00 -1 -4.37e-13      0.00 8.503e-01 1.495e-01 2.384e-05 6.569e-06 6.010e-05 -1.000 1.433e-04 3.429 3.453 3.525 3.538 3.658 3.758 3.931
0.0002 -1.89055 10.00000 0.8251846433 3.0824377632    0.824  0.586  3.8221  4.008    1  0.000  0.529     0.00     0.00     0.00     0.00     0.00 -1 -5.25e-13      0.00 8.491e-01 1.508e-01 2.400e-05 6.613e-06 6.050e-05 -1.000 1.511e-04 3.305 3.323 3.388 3.400 3.515 3.613 3.784
0.0002 -1.89055 10.00000 0.8258515000 3.0827085955    0.824  0.595  3.8213  3.996    1  0.000  0.529     0.00     0.00     0.00     0.00     0.00 -1 -5.43e-13      0.00 8.489e-01 1.510e-01 2.403e-05 6.620e-06 6.056e-05 -1.000 1.524e-04 3.282 3.300 3.362 3.374 3.488 3.586 3.757
0.0002 -1.89055 10.00000 0.8265451193 3.0829898219    0.825  0.605  3.8202  3.982    2  0.000  0.529     0.00     0.00     0.00     0.00     0.00 -1 -5.68e-13      0.00 8.486e-01 1.512e-01 2.406e-05 6.628e-06 6.063e-05 -1.000 1.539e-04 3.257 3.272 3.332 3.344 3.457 3.553 3.723
0.0002 -1.89055 10.00000 0.8288735151 3.0839303379    0.827  0.643  3.8146  3.923    2  0.000  0.529     0.00     0.00     0.00     0.00     0.00 -1 -6.58e-13      0.00 8.479e-01 1.519e-01 2.415e-05 6.654e-06 6.087e-05 -1.000 1.584e-04 3.162 3.169 3.214 3.226 3.331 3.424 3.589
0.0002 -1.89055 10.00000 0.8306453824 3.0846424335    0.829  0.677  3.8075  3.862    2  0.000  0.529     0.00     0.00     0.00     0.00     0.00 -1 -7.62e-13      0.00 8.473e-01 1.525e-01 2.423e-05 6.674e-06 6.105e-05 -1.000 1.620e-04 3.078 3.075 3.101 3.112 3.207 3.296 3.454
0.0002 -1.89055 10.00000 0.8320266008 3.0851953757    0.830  0.707  3.7990  3.799    2  0.000  0.529     0.00     0.00     0.00     0.00     0.00 -1 -8.77e-13      0.00 8.469e-01 1.529e-01 2.428e-05 6.689e-06 6.119e-05 -1.000 1.647e-04 3.004 2.988 2.993 3.002 3.086 3.168 3.319
0.0002 -1.89055 10.00000 0.8331366181 3.0856383866    0.831  0.734  3.7896  3.734    2  0.000  0.529     0.00     0.00     0.00     0.00     0.00 -1    -1e-12      0.00 8.466e-01 1.533e-01 2.433e-05 6.701e-06 6.130e-05 -1.000 1.669e-04 2.936 2.909 2.889 2.896 2.967 3.042 3.185
0.0002 -1.89055 10.00000 0.8340604305 3.0860061613    0.832  0.758  3.7795  3.670    2  0.000  0.530     0.00     0.00     0.00     0.00     0.00 -1 -1.15e-12      0.00 8.405e-01 1.593e-01 2.504e-05 6.893e-06 6.303e-05 -1.000 1.567e-04 2.874 2.835 2.788 2.794 2.850 2.918 3.053
0.0002 -1.89055 10.00000 0.8348646760 3.0863256567    0.833  0.781  3.7703  3.611    2  0.000  0.532     0.00     0.00     0.00     0.00     0.00 -1 -1.29e-12      0.00 8.187e-01 1.812e-01 2.754e-05 7.563e-06 6.901e-05 -1.000 1.552e-04 2.817 2.768 2.695 2.700 2.744 2.805 2.932
0.0002 -1.89055 10.00000 0.8356062770 3.0866197073    0.834  0.806  3.7618  3.553    2  0.000  0.534     0.00     0.00     0.00     0.00     0.00 -1 -1.46e-12      0.00 7.955e-01 2.043e-01 3.019e-05 8.273e-06 7.535e-05 -1.000 1.641e-04 2.756 2.697 2.602 2.606 2.638 2.693 2.813
0.0002 -1.89055 10.00000 0.8363502026 3.0869141429    0.834  0.838  3.7540  3.489    2  0.000  0.536     0.00     0.00     0.00     0.00     0.00 -1 -1.69e-12      0.00 7.798e-01 2.200e-01 3.201e-05 8.758e-06 7.966e-05 -1.000 1.938e-04 2.674 2.607 2.490 2.493 2.515 2.564 2.677
0.0002 -1.89055 10.00000 0.8369317651 3.0871439438    0.835  0.874  3.7490  3.434    2  0.000  0.536     0.00     0.00     0.00     0.00     0.00 -1 -1.96e-12      0.00 7.733e-01 2.265e-01 3.276e-05 8.959e-06 8.146e-05 -1.000 2.000e-04 2.585 2.513 2.382 2.385 2.400 2.445 2.554
0.0002 -1.89055 10.00000 0.8375071287 3.0873709734    0.835  0.916  3.7449  3.376    2  0.000  0.536     0.00     0.00     0.00     0.00     0.00 -1  -2.3e-12      0.00 7.690e-01 2.308e-01 3.325e-05 9.089e-06 8.262e-05 -1.000 2.000e-04 2.480 2.404 2.262 2.264 2.273 2.315 2.420
0.0002 -1.89055 10.00000 0.8376830816 3.0874403379    0.836  0.931  3.7439  3.357    2  0.000  0.537     0.00     0.00     0.00     0.00     0.00 -1 -2.44e-12      0.00 7.681e-01 2.317e-01 3.334e-05 9.114e-06 8.285e-05 -1.000 1.759e-04 2.442 2.365 2.220 2.221 2.230 2.271 2.375
0.0002 -1.89055 10.00000 0.8381552100 3.0876263138    0.836  0.974  3.7415  3.304    3  0.000  0.537     0.00     0.00     0.00     0.00     0.00 -1 -2.85e-12      0.00 7.658e-01 2.340e-01 3.357e-05 9.175e-06 8.340e-05 -1.000 2.000e-04 2.335 2.255 2.103 2.105 2.110 2.150 2.252
0.0002 -1.89055 10.00000 0.8386714458 3.0878294185    0.836  1.024  3.7391  3.245    3  0.000  0.537     0.00     0.00     0.00     0.00     0.00 -1 -3.43e-12      0.00 7.636e-01 2.362e-01 3.377e-05 9.229e-06 8.388e-05 -1.000 2.001e-04 2.210 2.128 1.969 1.971 1.973 2.010 2.110
0.0002 -1.89055 10.00000 0.8391096592 3.0880016255    0.837  1.070  3.7373  3.192    3  0.000  0.537     0.00     0.00     0.00     0.00     0.00 -1 -4.05e-12      0.00 7.618e-01 2.380e-01 3.390e-05 9.266e-06 8.420e-05 -1.000 2.000e-04 2.095 2.012 1.848 1.849 1.849 1.885 1.983
0.0002 -1.89055 10.00000 0.8395283222 3.0881659776    0.837  1.116  3.7356  3.139    3  0.000  0.537     0.00     0.00     0.00     0.00     0.00 -1 -4.79e-12      0.00 7.602e-01 2.396e-01 3.401e-05 9.296e-06 8.447e-05 -1.000 2.000e-04 1.979 1.894 1.726 1.726 1.723 1.758 1.854
0.0002 -1.89055 10.00000 0.8399534822 3.0883327084    0.837  1.167  3.7339  3.081    3  0.000  0.537     0.00     0.00     0.00     0.00     0.00 -1 -5.75e-12      0.00 7.585e-01 2.413e-01 3.409e-05 9.325e-06 8.470e-05 -1.000 1.978e-04 1.852 1.766 1.593 1.593 1.588 1.621 1.715
0.0002 -1.89055 10.00000 0.8403441310 3.0884857529    0.838  1.218  3.7323  3.025    3  0.000  0.536     0.00     0.00     0.00     0.00     0.00 -1 -6.89e-12      0.00 7.570e-01 2.429e-01 3.413e-05 9.352e-06 8.489e-05 -1.000 1.737e-04 1.726 1.639 1.461 1.461 1.453 1.485 1.578
0.0002 -1.89055 10.00000 0.8406948447 3.0886230279    0.838  1.267  3.7308  2.970    3  0.000  0.535     0.00     0.00     0.00     0.00     0.00 -1 -8.22e-12      0.00 7.556e-01 2.442e-01 3.412e-05 9.386e-06 8.503e-05 -1.000 1.481e-04 1.603 1.515 1.332 1.332 1.322 1.353 1.444
0.0002 -1.89055 10.00000 0.8410013318 3.0887428958    0.838  1.313  3.7293  2.917    3  0.000  0.533     0.00     0.00     0.00     0.00     0.00 -1 -9.71e-12      0.00 7.543e-01 2.455e-01 3.406e-05 9.437e-06 8.514e-05 -1.000 2.000e-04 1.487 1.397 1.211 1.210 1.198 1.227 1.318
0.0002 -1.89055 10.00000 0.8412998915 3.0888595772    0.838  1.362  3.7278  2.862    3  0.000  0.531     0.00     0.00     0.00     0.00     0.00 -1 -1.16e-11      0.00 7.532e-01 2.466e-01 3.395e-05 9.526e-06 8.524e-05 -1.000 2.000e-04 1.365 1.273 1.082 1.081 1.067 1.095 1.184
0.0002 -1.89055 10.00000 0.8415862918 3.0889714269    0.838  1.413  3.7262  2.805    3  0.000  0.528     0.00     0.00     0.00     0.00     0.00 -1 -1.39e-11      0.00 7.522e-01 2.476e-01 3.380e-05 9.661e-06 8.531e-05 -1.000 1.999e-04 1.236 1.144 0.948 0.946 0.930 0.957 1.045
0.0002 -1.89055 10.00000 0.8418263793 3.0890651296    0.839  1.460  3.7246  2.752    3  0.000  0.525     0.00     0.00     0.00     0.00     0.00 -1 -1.65e-11      0.00 7.514e-01 2.484e-01 3.364e-05 9.813e-06 8.537e-05 -1.000 2.000e-04 1.119 1.025 0.825 0.823 0.805 0.830 0.916
0.0002 -1.89055 10.00000 0.8420453668 3.0891505495    0.839  1.507  3.7231  2.699    3  0.000  0.523     0.00     0.00     0.00     0.00     0.00 -1 -1.95e-11      0.00 7.507e-01 2.491e-01 3.348e-05 9.976e-06 8.541e-05 -1.000 2.000e-04 1.003 0.908 0.703 0.701 0.680 0.705 0.789
0.0002 -1.89055 10.00000 0.8422513008 3.0892308362    0.839  1.555  3.7215  2.645    3  0.000  0.520     0.00     0.00     0.00     0.00     0.00 -1 -2.32e-11      0.00 7.502e-01 2.496e-01 3.333e-05 1.014e-05 8.545e-05 -1.000 2.000e-04 0.883 0.788 0.578 0.576 0.553 0.576 0.659
0.0002 -1.89055 10.00000 0.8424332738 3.0893017478    0.839  1.601  3.7199  2.592    3  0.000  0.518     0.00     0.00     0.00     0.00     0.00 -1 -2.74e-11      0.00 7.498e-01 2.500e-01 3.322e-05 1.027e-05 8.547e-05 -1.000 1.999e-04 0.769 0.672 0.458 0.455 0.429 0.451 0.533
0.0002 -1.89055 10.00000 0.8426063657 3.0893691695    0.839  1.648  3.7182  2.538    3  0.000  0.517     0.00     0.00     0.00     0.00     0.00 -1 -3.25e-11      0.00 7.496e-01 2.502e-01 3.314e-05 1.036e-05 8.548e-05 -1.000 2.000e-04 0.650 0.553 0.333 0.330 0.302 0.322 0.402
0.0002 -1.89055 10.00000 0.8427588940 3.0894285578    0.838  1.694  3.7166  2.486    3  0.000  0.516     0.00     0.00     0.00     0.00     0.00 -1 -3.84e-11      0.00 7.494e-01 2.504e-01 3.309e-05 1.042e-05 8.549e-05 -1.000 2.000e-04 0.535 0.437 0.212 0.209 0.179 0.198 0.276
0.0002 -1.89055 10.00000 0.8428946733 3.0894814063    0.838  1.738  3.7149  2.435    3  0.000  0.516     0.00     0.00     0.00     0.00     0.00 -1 -4.51e-11      0.00 7.493e-01 2.505e-01 3.306e-05 1.045e-05 8.550e-05 -1.000 1.999e-04 0.424 0.325 0.095 0.092 0.059 0.077 0.153
0.0002 -1.89055 10.00000 0.8430240154 3.0895317330    0.838  1.784  3.7133  2.382    3  0.000  0.515     0.00     0.00     0.00     0.00     0.00 -1 -5.32e-11      0.00 7.493e-01 2.505e-01 3.305e-05 1.046e-05 8.550e-05 -1.000 2.000e-04 0.309 0.209 -0.026 -0.029 -0.064 -0.049 0.026
0.0002 -1.89055 10.00000 0.8431411386 3.0895772917    0.838  1.830  3.7116  2.330    3  0.000  0.515     0.00     0.00     0.00     0.00     0.00 -1 -6.28e-11      0.00 7.493e-01 2.505e-01 3.305e-05 1.046e-05 8.551e-05 -1.000 2.000e-04 0.196 0.095 -0.145 -0.149 -0.186 -0.172 -0.098
0.0002 -1.89055 10.00000 0.8432441950 3.0896173680    0.838  1.873  3.7099  2.280    3  0.000  0.515     0.00     0.00     0.00     0.00     0.00 -1 -7.35e-11      0.00 7.493e-01 2.505e-01 3.305e-05 1.047e-05 8.551e-05 -1.000 2.000e-04 0.088 -0.013 -0.259 -0.263 -0.303 -0.290 -0.218
0.0002 -1.89055 10.00000 0.8433389068 3.0896541903    0.838  1.915  3.7083  2.231    3  0.000  0.515     0.00     0.00     0.00     0.00     0.00 -1 -8.57e-11      0.00 7.493e-01 2.505e-01 3.305e-05 1.047e-05 8.551e-05 -1.000 2.000e-04 -0.018 -0.120 -0.371 -0.376 -0.418 -0.406 -0.336
0.0002 -1.89055 10.00000 0.8434305191 3.0896897997    0.837  1.960  3.7066  2.179    3  0.000  0.515     0.00     0.00     0.00     0.00     0.00 -1 -1.01e-10      0.00 7.493e-01 2.505e-01 3.304e-05 1.047e-05 8.551e-05 -1.000 2.001e-04 -0.130 -0.232 -0.489 -0.493 -0.538 -0.528 -0.459
0.0002 -1.89055 10.00000 0.8435107470 3.0897209774    0.837  2.002  3.7048  2.130    3  0.000  0.515     0.00     0.00     0.00     0.00     0.00 -1 -1.18e-10      0.00 7.493e-01 2.505e-01 3.304e-05 1.047e-05 8.551e-05 -1.000 2.000e-04 -0.235 -0.338 -0.600 -0.605 -0.653 -0.644 -0.577
0.0002 -1.89055 10.00000 0.8435845375 3.0897496481    0.837  2.044  3.7031  2.081    3  0.000  0.515     0.00     0.00     0.00     0.00     0.00 -1 -1.37e-10      0.00 7.493e-01 2.505e-01 3.304e-05 1.047e-05 8.551e-05 -1.000 2.001e-04 -0.339 -0.442 -0.710 -0.716 -0.765 -0.759 -0.693
0.0002 -1.89055 10.00000 0.8436543941 3.0897767855    0.836  2.086  3.7015  2.032    3  0.000  0.515     0.00     0.00     0.00     0.00     0.00 -1  -1.6e-10      0.00 7.493e-01 2.505e-01 3.304e-05 1.047e-05 8.551e-05 -1.000 2.000e-04 -0.445 -0.548 -0.821 -0.827 -0.879 -0.874 -0.810
0.0002 -1.89055 10.00000 0.8437158465 3.0898006544    0.836  2.126  3.6997  1.985    3  0.000  0.515     0.00     0.00     0.00     0.00     0.00 -1 -1.85e-10      0.00 7.493e-01 2.505e-01 3.304e-05 1.048e-05 8.551e-05 -1.000 2.000e-04 -0.545 -0.648 -0.927 -0.933 -0.988 -0.985 -0.923
0.0002 -1.89055 10.00000 0.8437750340 3.0898236401    0.836  2.166  3.6980  1.939    3  0.000  0.515     0.00     0.00     0.00     0.00     0.00 -1 -2.14e-10      0.00 7.493e-01 2.505e-01 3.304e-05 1.048e-05 8.551e-05 -1.000 2.000e-04 -0.644 -0.748 -1.033 -1.039 -1.097 -1.095 -1.034
0.0002 -1.89055 10.00000 0.8438364863 3.0898475020    0.835  2.201  3.6966  1.897    3  0.000  0.515     0.00     0.00     0.00     0.00     0.00 -1 -2.44e-10      0.00 7.493e-01 2.505e-01 3.304e-05 1.048e-05 8.551e-05 -1.000 2.000e-04 -0.733 -0.838 -1.128 -1.134 -1.194 -1.193 -1.134
0.0002 -1.89055 10.00000 0.8438914418 3.0898688381    0.835  2.228  3.6955  1.866    3  0.000  0.515     0.00     0.00     0.00     0.00     0.00 -1  -2.7e-10      0.00 7.493e-01 2.505e-01 3.304e-05 1.048e-05 8.552e-05 -1.000 2.000e-04 -0.799 -0.904 -1.197 -1.204 -1.265 -1.265 -1.207
0.0002 -1.89055 10.00000 0.8439298272 3.0898837392    0.834  2.214  3.6964  1.883    3  0.000  0.515     0.00     0.00     0.00     0.00     0.00 -1 -2.59e-10      0.00 7.492e-01 2.506e-01 3.304e-05 1.048e-05 8.552e-05 -1.000 2.001e-04 -0.766 -0.871 -1.161 -1.167 -1.227 -1.226 -1.167
0.0002 -1.89055 10.00000 0.8439349532 3.0898857291    0.834  2.212  3.6965  1.885    3  0.000  0.515     0.00     0.00     0.00     0.00     0.00 -1 -2.57e-10      0.00 7.492e-01 2.506e-01 3.304e-05 1.048e-05 8.552e-05 -1.000 2.001e-04 -0.761 -0.866 -1.156 -1.162 -1.222 -1.221 -1.162
0.0002 -1.89055 10.00000 0.8439634442 3.0898967882    0.834  2.239  3.6953  1.853    3  0.000  0.515     0.00     0.00     0.00     0.00     0.00 -1 -2.82e-10      0.00 7.492e-01 2.506e-01 3.304e-05 1.048e-05 8.552e-05 -1.000 2.000e-04 -0.828 -0.933 -1.227 -1.233 -1.295 -1.295 -1.237
0.0002 -1.89055 10.00000 0.8440066576 3.0899135606    0.833  2.281  3.6934  1.804    3  0.000  0.515     0.00     0.00     0.00     0.00     0.00 -1 -3.26e-10      0.00 7.492e-01 2.506e-01 3.304e-05 1.048e-05 8.552e-05 -1.000 2.001e-04 -0.932 -1.036 -1.337 -1.344 -1.408 -1.410 -1.354
0.0002 -1.89055 10.00000 0.8440468907 3.0899291746    0.833  2.321  3.6916  1.756    3  0.000  0.515     0.00     0.00     0.00     0.00     0.00 -1 -3.78e-10      0.00 7.492e-01 2.506e-01 3.304e-05 1.048e-05 8.552e-05 -1.000 2.000e-04 -1.033 -1.137 -1.444 -1.451 -1.519 -1.522 -1.468
0.0002 -1.89055 10.00000 0.8440839648 3.0899435614    0.832  2.361  3.6897  1.708    3  0.000  0.515     0.00     0.00     0.00     0.00     0.00 -1 -4.38e-10      0.00 7.492e-01 2.506e-01 3.304e-05 1.048e-05 8.552e-05 -1.000 2.001e-04 -1.132 -1.236 -1.550 -1.557 -1.627 -1.632 -1.580
0.0002 -1.89055 10.00000 0.8441165686 3.0899562123    0.832  2.398  3.6880  1.664    3  0.000  0.515     0.00     0.00     0.00     0.00     0.00 -1 -5.02e-10      0.00 7.492e-01 2.506e-01 3.303e-05 1.048e-05 8.552e-05 -1.000 2.000e-04 -1.225 -1.328 -1.648 -1.656 -1.729 -1.735 -1.685
0.0002 -1.89055 10.00000 0.8441483378 3.0899685385    0.831  2.437  3.6862  1.618    3  0.000  0.515     0.00     0.00     0.00     0.00     0.00 -1  -5.8e-10      0.00 7.492e-01 2.506e-01 3.303e-05 1.048e-05 8.552e-05 -1.000 2.001e-04 -1.322 -1.424 -1.751 -1.758 -1.834 -1.843 -1.794
0.0002 -1.89055 10.00000 0.8441762328 3.0899793607    0.830  2.473  3.6844  1.574    3  0.000  0.515     0.00     0.00     0.00     0.00     0.00 -1 -6.63e-10      0.00 7.492e-01 2.506e-01 3.303e-05 1.049e-05 8.552e-05 -1.000 2.000e-04 -1.412 -1.514 -1.847 -1.855 -1.934 -1.944 -1.897
0.0002 -1.89055 10.00000 0.8442032933 3.0899898584    0.830  2.510  3.6827  1.529    3  0.000  0.515     6.38     5.11     3.65     2.81     2.27  3 -7.61e-10      0.00 7.492e-01 2.506e-01 3.303e-05 1.049e-05 8.552e-05 -1.000 2.000e-04 -1.506 -1.607 -1.946 -1.954 -2.036 -2.048 -2.003
0.0002 -1.89055 10.00000 0.8442273736 3.0899991994    0.829  2.546  3.6809  1.486    3  0.000  0.515     6.99     5.52     3.93     3.03     2.45  3 -8.68e-10      0.00 7.492e-01 2.506e-01 3.303e-05 1.049e-05 8.552e-05 -1.000 2.000e-04 -1.595 -1.695 -2.041 -2.049 -2.134 -2.147 -2.104
0.0002 -1.89055 10.00000 0.8442553878 3.0900100658    0.828  2.590  3.6787  1.433    3  0.000  0.515     7.81     6.08     4.30     3.33     2.69  3 -1.02e-09      0.00 7.492e-01 2.506e-01 3.303e-05 1.049e-05 8.552e-05 -1.000 2.000e-04 -1.704 -1.803 -2.157 -2.166 -2.255 -2.270 -2.229
0.0002 -1.89055 10.00000 0.8442803621 3.0900197524    0.827  2.632  3.6766  1.382    3  0.000  0.515     8.70     6.67     4.70     3.64     2.94  3  -1.2e-09      0.00 7.492e-01 2.506e-01 3.303e-05 1.049e-05 8.552e-05 -1.000 2.000e-04 -1.809 -1.907 -2.269 -2.278 -2.370 -2.388 -2.348
0.0002 -1.89055 10.00000 0.8442998528 3.0900273117    0.826  2.667  3.6747  1.339    3  0.000  0.515     9.53     7.21     5.06     3.92     3.18  3 -1.36e-09      0.00 7.492e-01 2.506e-01 3.303e-05 1.049e-05 8.552e-05 -1.000 2.000e-04 -1.897 -1.993 -2.363 -2.373 -2.468 -2.487 -2.449
0.0002 -1.89055 10.00000 0.8443206549 3.0900353792    0.824  2.707  3.6727  1.290    3  0.000  0.515    10.56     7.87     5.50     4.27     3.46  3 -1.58e-09      0.00 7.492e-01 2.506e-01 3.303e-05 1.049e-05 8.552e-05 -1.000 2.001e-04 -1.998 -2.092 -2.470 -2.480 -2.578 -2.599 -2.563
0.0002 -1.89055 10.00000 0.8443373442 3.0900418514    0.823  2.741  3.6708  1.248    3  0.000  0.515    11.54     8.49     5.92     4.60     3.72  3  -1.8e-09      0.00 7.492e-01 2.506e-01 3.303e-05 1.049e-05 8.552e-05 -1.000 2.000e-04 -2.083 -2.175 -2.561 -2.572 -2.673 -2.696 -2.661
0.0002 -1.89055 10.00000 0.8443548679 3.0900486469    0.822  2.779  3.6688  1.201    3  0.000  0.515    12.74     9.24     6.41     4.99     4.04  3 -2.07e-09      0.00 7.492e-01 2.506e-01 3.303e-05 1.049e-05 8.552e-05 -1.000 2.001e-04 -2.178 -2.269 -2.663 -2.674 -2.778 -2.803 -2.771
0.0002 -1.89055 10.00000 0.8443716764 3.0900551648    0.820  2.818  3.6666  1.153    3  0.000  0.515    14.09    10.07     6.97     5.43     4.40  2  -2.4e-09      0.00 7.492e-01 2.506e-01 3.303e-05 1.049e-05 8.552e-05 -1.000 2.000e-04 -2.275 -2.363 -2.767 -2.778 -2.886 -2.913 -2.883
0.0002 -1.89055 10.00000 0.8443873525 3.0900612433    0.819  2.857  3.6644  1.104    3  0.000  0.515    15.60    10.99     7.57     5.90     4.78  2 -2.77e-09      0.00 7.492e-01 2.506e-01 3.303e-05 1.049e-05 8.552e-05 -1.000 2.001e-04 -2.372 -2.457 -2.869 -2.881 -2.994 -3.022 -2.994
0.0002 -1.89055 10.00000 0.8444009423 3.0900665127    0.817  2.892  3.6625  1.060    3  0.000  0.515    17.12    11.90     8.16     6.38     5.17  2 -3.17e-09      0.00 7.492e-01 2.506e-01 3.303e-05 1.049e-05 8.552e-05 -1.000 2.001e-04 -2.461 -2.543 -2.964 -2.977 -3.092 -3.123 -3.097
0.0002 -1.89055 10.00000 0.8444143534 3.0900717126    0.815  2.929  3.6604  1.013    3  0.000  0.515    18.88    12.93     8.84     6.91     5.61  2 -3.64e-09      0.00 7.492e-01 2.506e-01 3.303e-05 1.049e-05 8.552e-05 -1.000 2.001e-04 -2.553 -2.633 -3.063 -3.076 -3.196 -3.228 -3.204
0.0002 -1.89055 10.00000 0.8444259167 3.0900761959    0.814  2.963  3.6583  0.970    3  0.000  0.515    20.66    13.97     9.52     7.45     6.04  2 -4.14e-09      0.00 7.492e-01 2.506e-01 3.303e-05 1.049e-05 8.552e-05 -1.000 2.000e-04 -2.638 -2.714 -3.154 -3.168 -3.291 -3.325 -3.303
0.0002 -1.89055 10.00000 0.8444371819 3.0900805636    0.812  2.998  3.6564  0.927    3  0.000  0.515    22.64    15.11    10.25     8.04     6.52  2 -4.73e-09      0.00 7.492e-01 2.506e-01 3.303e-05 1.049e-05 8.552e-05 -1.000 2.001e-04 -2.725 -2.799 -3.247 -3.262 -3.388 -3.424 -3.404
0.0002 -1.89055 10.00000 0.8444476128 3.0900846076    0.809  3.032  3.6542  0.883    3  0.000  0.515    24.85    16.36    11.06     8.68     7.04  2  -5.4e-09      0.00 7.492e-01 2.506e-01 3.303e-05 1.049e-05 8.552e-05 -1.000 2.000e-04 -2.811 -2.881 -3.340 -3.355 -3.486 -3.523 -3.505
0.0002 -1.89055 10.00000 0.8444568515 3.0900881893    0.807  3.064  3.6524  0.842    3  0.000  0.515    27.03    17.57    11.85     9.31     7.55  1 -6.09e-09      0.00 7.492e-01 2.506e-01 3.303e-05 1.049e-05 8.552e-05 -1.000 2.000e-04 -2.890 -2.956 -3.424 -3.439 -3.574 -3.613 -3.597
0.0002 -1.89055 10.00000 0.8444657326 3.0900916323    0.805  3.096  3.6503  0.801    3  0.000  0.515    29.50    18.93    12.72    10.01     8.12  1 -6.89e-09      0.00 7.492e-01 2.506e-01 3.303e-05 1.049e-05 8.552e-05 -1.000 2.000e-04 -2.971 -3.030 -3.510 -3.525 -3.664 -3.705 -3.691
0.0002 -1.89055 10.00000 0.8444740772 3.0900948673    0.802  3.128  3.6483  0.760    3  0.000  0.515    32.15    20.37    13.64    10.74     8.72  1 -7.77e-09      0.00 7.492e-01 2.506e-01 3.303e-05 1.049e-05 8.552e-05 -1.000 2.000e-04 -3.050 -3.103 -3.593 -3.609 -3.752 -3.795 -3.783
0.0002 -1.89055 10.00000 0.8444816470 3.0900978019    0.800  3.158  3.6466  0.722    3  0.000  0.515    34.83    21.81    14.56    11.48     9.32  1  -8.7e-09      0.00 7.492e-01 2.506e-01 3.303e-05 1.049e-05 8.552e-05 -1.000 2.000e-04 -3.124 -3.172 -3.672 -3.689 -3.836 -3.880 -3.870
0.0002 -1.89055 10.00000 0.8444892168 3.0901007364    0.797  3.189  3.6446  0.681    3  0.000  0.515    37.95    23.46    15.61    12.32    10.00  1 -9.83e-09      0.00 7.492e-01 2.506e-01 3.303e-05 1.049e-05 8.552e-05 -1.000 2.000e-04 -3.202 -3.244 -3.756 -3.773 -3.924 -3.970 -3.962
0.0002 -1.89055 10.00000 0.8444959521 3.0901033473    0.794  3.218  3.6427  0.643    3  0.000  0.515    41.06    25.08    16.64    13.15    10.68  1  -1.1e-08      0.00 7.492e-01 2.506e-01 3.303e-05 1.049e-05 8.552e-05 -1.000 2.001e-04 -3.274 -3.310 -3.832 -3.849 -4.004 -4.053 -4.047
0.0002 -1.89055 10.00000 0.8445025086 3.0901058889    0.791  3.246  3.6410  0.607    3  0.000  0.515    44.33    26.77    17.70    14.01    11.38  1 -1.23e-08      0.00 7.492e-01 2.506e-01 3.303e-05 1.049e-05 8.552e-05 -1.000 2.001e-04 -3.344 -3.375 -3.907 -3.924 -4.083 -4.133 -4.129
0.0002 -1.89055 10.00000 0.8445079327 3.0901079915    0.788  3.267  3.6397  0.578    3  0.000  0.515    47.08    28.18    18.59    14.72    11.95  1 -1.34e-08      0.00 7.492e-01 2.506e-01 3.303e-05 1.049e-05 8.552e-05 -1.000 2.000e-04 -3.399 -3.425 -3.965 -3.983 -4.144 -4.195 -4.193
0.0002 -1.89055 10.00000 0.8445079327 3.0901079915    0.788  1.724  3.8050  2.783    4  0.000  0.530     0.00     0.00     0.00     0.00     0.00 -1    -1e-30      0.00 7.535e-01 2.463e-01 3.369e-05 9.536e-06 8.478e-05 -1.000 1.999e-04 0.461 0.422 0.451 0.463 0.570 0.662 0.823
0.0002 -1.89055 10.00000 0.8445640802 3.0901297549    0.788  1.745  3.7950  2.722    4  0.000  0.530     0.00     0.00     0.00     0.00     0.00 -1    -1e-30      0.00 7.535e-01 2.463e-01 3.369e-05 9.537e-06 8.479e-05 -1.000 2.001e-04 0.408 0.358 0.360 0.370 0.461 0.545 0.698
0.0002 -1.89055 10.00000 0.8446187973 3.0901509609    0.788  1.747  3.7950  2.719    4  0.000  0.530     0.00     0.00     0.00     0.00     0.00 -1    -1e-30      0.00 7.535e-01 2.463e-01 3.369e-05 9.537e-06 8.479e-05 -1.000 1.999e-04 0.402 0.352 0.354 0.364 0.455 0.539 0.692
0.0002 -1.89055 10.00000 0.8446753621 3.0901728801    0.788  1.748  3.7957  2.722    4  0.000  0.530     0.00     0.00     0.00     0.00     0.00 -1    -1e-30      0.00 7.535e-01 2.463e-01 3.369e-05 9.537e-06 8.479e-05 -1.000 2.000e-04 0.400 0.351 0.355 0.365 0.457 0.542 0.696
0.0002 -1.89055 10.00000 0.8447313905 3.0901945885    0.788  1.748  3.7968  2.726    4  0.000  0.530     0.00     0.00     0.00     0.00     0.00 -1    -1e-30      0.00 7.535e-01 2.463e-01 3.369e-05 9.538e-06 8.479e-05 -1.000 2.000e-04 0.399 0.351 0.358 0.368 0.462 0.548 0.702
0.0002 -1.89055 10.00000 0.8447878957 3.0902164786    0.788  1.749  3.7982  2.731    4  0.000  0.530     0.00     0.00     0.00     0.00     0.00 -1    -1e-30      0.00 7.534e-01 2.464e-01 3.369e-05 9.538e-06 8.479e-05 -1.000 2.000e-04 0.398 0.352 0.363 0.373 0.469 0.556 0.711
0.0002 -1.89055 10.00000 0.8448452353 3.0902386889    0.789  1.749  3.7999  2.738    4  0.000  0.530     0.00     0.00     0.00     0.00     0.00 -1    -1e-30      0.00 7.534e-01 2.464e-01 3.369e-05 9.539e-06 8.479e-05 -1.000 1.999e-04 0.398 0.353 0.369 0.379 0.479 0.566 0.723
0.0002 -1.89055 10.00000 0.8449019194 3.0902606422    0.789  1.749  3.8018  2.745    4  0.000  0.530     0.00     0.00     0.00     0.00     0.00 -1    -1e-30      0.00 7.534e-01 2.464e-01 3.369e-05 9.539e-06 8.479e-05 -1.000 2.000e-04 0.398 0.356 0.376 0.387 0.489 0.579 0.737
0.0002 -1.89055 10.00000 0.8449599147 3.0902831003    0.789  1.748  3.8038  2.754    4  0.000  0.530     0.00     0.00     0.00     0.00     0.00 -1    -1e-30      0.00 7.534e-01 2.464e-01 3.369e-05 9.540e-06 8.479e-05 -1.000 2.000e-04 0.399 0.358 0.384 0.396 0.501 0.592 0.753
0.0002 -1.89055 10.00000 0.8450168967 3.0903051629    0.789  1.748  3.8058  2.762    4  0.000  0.530     0.00     0.00     0.00     0.00     0.00 -1    -1e-30      0.00 7.534e-01 2.464e-01 3.369e-05 9.540e-06 8.479e-05 -1.000 1.999e-04 0.400 0.361 0.392 0.404 0.513 0.605 0.767
0.0002 -1.89055 10.00000 0.8450697660 3.0903256304    0.789  1.748  3.8074  2.769    4  0.000  0.530     0.00     0.00     0.00     0.00     0.00 -1    -1e-30      0.00 7.534e-01 2.464e-01 3.369e-05 9.540e-06 8.479e-05 -1.000 1.999e-04 0.400 0.363 0.399 0.411 0.522 0.616 0.779
0.0002 -1.89055 10.00000 0.8451290727 3.0903485869    0.789  1.748  3.8090  2.775    4  0.000  0.530     0.00     0.00     0.00     0.00     0.00 -1    -1e-30      0.00 7.534e-01 2.464e-01 3.369e-05 9.541e-06 8.479e-05 -1.000 2.001e-04 0.400 0.365 0.405 0.417 0.532 0.627 0.791
0.0002 -1.89055 10.00000 0.8451879025 3.0903713555    0.789  1.748  3.8102  2.780    4  0.000  0.530     0.00     0.00     0.00     0.00     0.00 -1    -1e-30      0.00 7.534e-01 2.464e-01 3.369e-05 9.541e-06 8.480e-05 -1.000 2.000e-04 0.400 0.366 0.409 0.422 0.539 0.635 0.800
0.0002 -1.89055 10.00000 0.8452451229 3.0903934981    0.789  1.748  3.8110  2.783    4  0.000  0.530     0.00     0.00     0.00     0.00     0.00 -1    -1e-30      0.00 7.534e-01 2.464e-01 3.369e-05 9.542e-06 8.480e-05 -1.000 1.999e-04 0.399 0.367 0.412 0.424 0.542 0.639 0.805
0.0002 -1.89055 10.00000 0.8453025222 3.0904157069    0.789  1.749  3.8113  2.784    4  0.000  0.530     0.00     0.00     0.00     0.00     0.00 -1    -1e-30      0.00 7.534e-01 2.464e-01 3.369e-05 9.542e-06 8.480e-05 -1.000 2.000e-04 0.398 0.366 0.412 0.424 0.543 0.640 0.806
0.0002 -1.89055 10.00000 0.8453089595 3.0904181974    0.789  1.749  3.8113  2.784    4  0.000  0.530     0.00     0.00     0.00     0.00     0.00 -1    -1e-30      0.00 7.534e-01 2.464e-01 3.369e-05 9.542e-06 8.480e-05 -1.000 2.000e-04 0.398 0.366 0.412 0.424 0.543 0.640 0.806
0.0002 -1.89055 10.00000 0.8453623056 3.0904388349    0.789  1.750  3.8108  2.781    4  0.000  0.530     0.00     0.00     0.00     0.00     0.00 -1    -1e-30      0.00 7.534e-01 2.464e-01 3.369e-05 9.543e-06 8.480e-05 -1.000 2.001e-04 0.396 0.363 0.408 0.420 0.538 0.634 0.800
0.0002 -1.89055 10.00000 0.8454204202 3.0904613140    0.789  1.751  3.8097  2.775    4  0.000  0.530     0.00     0.00     0.00     0.00     0.00 -1    -1e-30      0.00 7.534e-01 2.464e-01 3.369e-05 9.543e-06 8.480e-05 -1.000 1.999e-04 0.393 0.359 0.401 0.413 0.529 0.624 0.789
0.0002 -1.89055 10.00000 0.8454772234 3.0904832828    0.789  1.752  3.8080  2.767    4  0.000  0.530     0.00     0.00     0.00     0.00     0.00 -1    -1e-30      0.00 7.534e-01 2.464e-01 3.369e-05 9.543e-06 8.480e-05 -1.000 2.000e-04 0.390 0.354 0.391 0.403 0.516 0.610 0.773
0.0002 -1.89055 10.00000 0.8455312848 3.0905041884    0.789  1.754  3.8058  2.757    4  0.000  0.530     0.00     0.00     0.00     0.00     0.00 -1    -1e-30      0.00 7.534e-01 2.464e-01 3.369e-05 9.544e-06 8.480e-05 -1.000 2.000e-04 0.386 0.347 0.378 0.390 0.499 0.592 0.753
0.0002 -1.89055 10.00000 0.8455871940 3.0905258057    0.789  1.756  3.8028  2.743    4  0.000  0.530     0.00     0.00     0.00     0.00     0.00 -1    -1e-30      0.00 7.534e-01 2.464e-01 3.369e-05 9.544e-06 8.480e-05 -1.000 2.000e-04 0.381 0.339 0.362 0.373 0.478 0.568 0.727
0.0002 -1.89055 10.00000 0.8456466198 3.0905487794    0.789  1.758  3.7991  2.726    4  0.000  0.530     0.00     0.00     0.00     0.00     0.00 -1    -1e-30      0.00 7.534e-01 2.464e-01 3.369e-05 9.545e-06 8.480e-05 -1.000 2.000e-04 0.374 0.329 0.342 0.352 0.451 0.538 0.694
0.0002 -1.89055 10.00000 0.8457023501 3.0905703215    0.789  1.761  3.7952  2.707    4  0.000  0.530     0.00     0.00     0.00     0.00     0.00 -1    -1e-30      0.00 7.534e-01 2.464e-01 3.369e-05 9.545e-06 8.480e-05 -1.000 1.999e-04 0.367 0.317 0.320 0.330 0.421 0.506 0.659
0.0002 -1.89055 10.00000 0.8457282782 3.0905803428    0.790  1.762  3.7933  2.698    4  0.000  0.530     0.00     0.00     0.00     0.00     0.00 -1    -1e-30      0.00 7.534e-01 2.464e-01 3.369e-05 9.545e-06 8.480e-05 -1.000 2.000e-04 0.364 0.312 0.309 0.319 0.407 0.490 0.641
0.0002 -1.89055 10.00000 0.8457815051 3.0906009132    0.790  1.766  3.7892  2.679    4  0.000  0.530     0.00     0.00     0.00     0.00     0.00 -1    -1e-30      0.00 7.534e-01 2.464e-01 3.369e-05 9.546e-06 8.480e-05 -1.000 2.000e-04 0.356 0.300 0.286 0.295 0.377 0.457 0.604
0.0002 -1.89055 10.00000 0.8458378911 3.0906227016    0.790  1.769  3.7849  2.658    4  0.000  0.530     0.00     0.00     0.00     0.00     0.00 -1    -1e-30      0.00 7.534e-01 2.464e-01 3.369e-05 9.546e-06 8.481e-05 -1.000 2.000e-04 0.346 0.287 0.261 0.269 0.344 0.420 0.564
0.0002 -1.89055 10.00000 0.8458935618 3.0906442107    0.790  1.773  3.7811  2.638    4  0.000  0.530     0.00     0.00     0.00     0.00     0.00 -1    -1e-30      0.00 7.534e-01 2.464e-01 3.369e-05 9.546e-06 8.481e-05 -1.000 2.000e-04 0.337 0.274 0.237 0.245 0.313 0.386 0.527
0.0002 -1.89055 10.00000 0.8459505439 3.0906662235    0.790  1.778  3.7770  2.618    4  0.000  0.530     0.00     0.00     0.00     0.00     0.00 -1    -1e-30      0.00 7.534e-01 2.464e-01 3.369e-05 9.547e-06 8.481e-05 -1.000 2.000e-04 0.325 0.259 0.210 0.218 0.280 0.350 0.486
0.0002 -1.89055 10.00000 0.8460049033 3.0906872202    0.790  1.783  3.7737  2.600    4  0.000  0.530     0.00     0.00     0.00     0.00     0.00 -1    -1e-30      0.00 7.533e-01 2.465e-01 3.369e-05 9.547e-06 8.481e-05 -1.000 2.000e-04 0.313 0.244 0.187 0.194 0.251 0.318 0.451
0.0002 -1.89055 10.00000 0.8460592031 3.0907081912    0.790  1.787  3.7710  2.584    4  0.000  0.530     0.00     0.00     0.00     0.00     0.00 -1    -1e-30      0.00 7.533e-01 2.465e-01 3.369e-05 9.548e-06 8.481e-05 -1.000 2.000e-04 0.302 0.231 0.166 0.172 0.225 0.289 0.420
0.0002 -1.89055 10.00000 0.8461127877 3.0907288832    0.790  1.793  3.7680  2.566    4  0.000  0.530     0.00     0.00     0.00     0.00     0.00 -1    -1e-30      0.00 7.533e-01 2.465e-01 3.369e-05 9.548e-06 8.481e-05 -1.000 1.999e-04 0.287 0.214 0.140 0.146 0.194 0.256 0.384
0.0002 -1.89055 10.00000 0.8461672068 3.0907498947    0.790  1.800  3.7648  2.547    4  0.000  0.530     0.00     0.00     0.00     0.00     0.00 -1    -1e-30      0.00 7.533e-01 2.465e-01 3.369e-05 9.548e-06 8.481e-05 -1.000 2.000e-04 0.270 0.194 0.111 0.117 0.160 0.220 0.345
0.0002 -1.89055 10.00000 0.8462212086 3.0907707424    0.790  1.807  3.7619  2.528    4  0.000  0.530     0.00     0.00     0.00     0.00     0.00 -1    -1e-30      0.00 7.533e-01 2.465e-01 3.369e-05 9.549e-06 8.481e-05 -1.000 2.000e-04 0.251 0.173 0.082 0.087 0.126 0.183 0.305
0.0002 -1.89055 10.00000 0.8462566137 3.0907844093    0.790  1.805  3.7633  2.536    4  0.000  0.530     0.00     0.00     0.00     0.00     0.00 -1    -1e-30      0.00 7.533e-01 2.465e-01 3.369e-05 9.549e-06 8.481e-05 -1.000 2.000e-04 0.259 0.181 0.095 0.100 0.140 0.199 0.322
0.0002 -1.89055 10.00000 0.8463098407 3.0908049534    0.790  1.817  3.7586  2.505    4  0.000  0.530     0.00     0.00     0.00     0.00     0.00 -1    -1e-30      0.00 7.533e-01 2.465e-01 3.369e-05 9.550e-06 8.481e-05 -1.000 2.000e-04 0.227 0.146 0.046 0.051 0.084 0.139 0.258
0.0002 -1.89055 10.00000 0.8463648558 3.0908261849    0.790  1.834  3.7538  2.469    4  0.000  0.530     0.00     0.00     0.00     0.00     0.00 -1    -1e-30      0.00 7.533e-01 2.465e-01 3.369e-05 9.550e-06 8.481e-05 -1.000 1.999e-04 0.186 0.101 -0.012 -0.009 0.017 0.067 0.182
0.0002 -1.89055 10.00000 0.8464186788 3.0908469536    0.790  1.860  3.7475  2.417    4  0.000  0.530     0.00     0.00     0.00     0.00     0.00 -1    -1e-30      0.00 7.533e-01 2.465e-01 3.369e-05 9.550e-06 8.482e-05 -1.000 2.000e-04 0.119 0.030 -0.102 -0.100 -0.083 -0.038 0.072
0.0002 -1.89055 10.00000 0.8464511633 3.0908594871    0.790  1.891  3.7412  2.362    4  0.000  0.530     0.00     0.00     0.00     0.00     0.00 -1    -1e-30      0.00 7.533e-01 2.465e-01 3.369e-05 9.551e-06 8.482e-05 -1.000 2.001e-04 0.042 -0.051 -0.201 -0.200 -0.193 -0.152 -0.049
0.0002 -1.89055 10.00000 0.8464674950 3.0908657880    0.790  1.924  3.7354  2.305    4  0.000  0.530     0.00     0.00     0.00     0.00     0.00 -1    -1e-30      0.00 7.533e-01 2.465e-01 3.369e-05 9.551e-06 8.482e-05 -1.000 2.000e-04 -0.041 -0.138 -0.305 -0.305 -0.306 -0.271 -0.173
0.0002 -1.89055 10.00000 0.8464744091 3.0908684555    0.790  1.957  3.7303  2.252    4  0.000  0.530     0.00     0.00     0.00     0.00     0.00 -1    -1e-30      0.00 7.533e-01 2.465e-01 3.369e-05 9.551e-06 8.482e-05 -1.000 2.000e-04 -0.123 -0.223 -0.405 -0.406 -0.415 -0.384 -0.291
0.0002 -1.89055 10.00000 0.8464775681 3.0908696742    0.790  1.991  3.7259  2.201    4  0.000  0.530     0.00     0.00     0.00     0.00     0.00 -1    -1e-30      0.00 7.533e-01 2.465e-01 3.369e-05 9.551e-06 8.482e-05 -1.000 2.000e-04 -0.207 -0.309 -0.505 -0.506 -0.521 -0.494 -0.405
0.0002 -1.89055 10.00000 0.8464791775 3.0908702950    0.790  2.023  3.7223  2.154    4  0.000  0.530     0.00     0.00     0.00     0.00     0.00 -1    -1e-30      0.00 7.533e-01 2.465e-01 3.369e-05 9.551e-06 8.482e-05 -1.000 2.000e-04 -0.288 -0.392 -0.598 -0.600 -0.621 -0.596 -0.511
0.0002 -1.89055 10.00000 0.8464792967 3.0908703410    0.790  2.026  3.7221  2.150    7  0.000  0.530     0.00     0.00     0.00     0.00     0.00 -1    -1e-30      0.00 7.533e-01 2.465e-01 3.369e-05 9.551e-06 8.482e-05 -1.000 2.000e-04 -0.295 -0.399 -0.606 -0.608 -0.629 -0.605 -0.520
0.0002 -1.89055 10.00000 0.8464799523 3.0908705940    0.790  2.049  3.7200  2.119    7  0.000  0.530     0.00     0.00     0.00     0.00     0.00 -1    -1e-30      0.00 7.533e-01 2.465e-01 3.369e-05 9.551e-06 8.482e-05 -1.000 2.000e-04 -0.353 -0.457 -0.671 -0.673 -0.697 -0.675 -0.592
0.0002 -1.89055 10.00000 0.8464811444 3.0908710539    0.790  2.093  3.7165  2.061    7  0.000  0.530     0.00     0.00     0.00     0.00     0.00 -1    -1e-30      0.00 7.533e-01 2.465e-01 3.369e-05 9.551e-06 8.482e-05 -1.000 2.000e-04 -0.463 -0.568 -0.793 -0.796 -0.825 -0.806 -0.727
0.0002 -1.89055 10.00000 0.8464821577 3.0908714448    0.790  2.130  3.7139  2.014    7  0.000  0.530     0.00     0.00     0.00     0.00     0.00 -1    -1e-30      0.00 7.533e-01 2.465e-01 3.369e-05 9.551e-06 8.482e-05 -1.000 2.000e-04 -0.554 -0.660 -0.893 -0.896 -0.929 -0.913 -0.836
0.0002 -1.89055 10.00000 0.8464832306 3.0908718587    0.790  2.162  3.7116  1.972    7  0.000  0.530     0.00     0.00     0.00     0.00     0.00 -1    -1e-30      0.00 7.533e-01 2.465e-01 3.369e-05 9.551e-06 8.482e-05 -1.000 2.000e-04 -0.635 -0.742 -0.982 -0.986 -1.022 -1.007 -0.933
0.0002 -1.89055 10.00000 0.8464856148 3.0908727785    0.790  2.170  3.7113  1.963    7  0.000  0.530     0.00     0.00     0.00     0.00     0.00 -1    -1e-30      0.00 7.533e-01 2.465e-01 3.369e-05 9.551e-06 8.482e-05 -1.000 2.000e-04 -0.655 -0.761 -1.003 -1.007 -1.043 -1.029 -0.955
0.0002 -1.89055 10.00000 0.8464876413 3.0908735603    0.790  2.158  3.7122  1.979    7  0.000  0.530     0.00     0.00     0.00     0.00     0.00 -1    -1e-30      0.00 7.533e-01 2.465e-01 3.369e-05 9.551e-06 8.482e-05 -1.000 2.000e-04 -0.625 -0.731 -0.969 -0.973 -1.008 -0.993 -0.918
0.0002 -1.89055 10.00000 0.8464953303 3.0908765265    0.790  2.146  3.7130  1.994    7  0.000  0.530     0.00     0.00     0.00     0.00     0.00 -1    -1e-30      0.00 7.533e-01 2.465e-01 3.369e-05 9.551e-06 8.482e-05 -1.000 1.999e-04 -0.594 -0.700 -0.936 -0.940 -0.974 -0.958 -0.882
0.0002 -1.89055 10.00000 0.8465281129 3.0908891727    0.790  2.172  3.7108  1.959    7  0.000  0.530     0.00     0.00     0.00     0.00     0.00 -1    -1e-30      0.00 7.533e-01 2.465e-01 3.369e-05 9.551e-06 8.482e-05 -1.000 2.000e-04 -0.660 -0.766 -1.010 -1.013 -1.051 -1.037 -0.963
0.0002 -1.89055 10.00000 0.8465479016 3.0908968059    0.790  2.214  3.7078  1.905    7  0.000  0.530     0.00     0.00     0.00     0.00     0.00 -1    -1e-30      0.00 7.533e-01 2.465e-01 3.369e-05 9.551e-06 8.482e-05 -1.000 2.000e-04 -0.766 -0.874 -1.126 -1.131 -1.173 -1.161 -1.090
0.0002 -1.89055 10.00000 0.8465633392 3.0909027604    0.790  2.253  3.7052  1.856    7  0.000  0.530     0.00     0.00     0.00     0.00     0.00 -1    -1e-30      0.00 7.533e-01 2.465e-01 3.369e-05 9.551e-06 8.482e-05 -1.000 2.000e-04 -0.863 -0.971 -1.232 -1.237 -1.282 -1.273 -1.205
0.0002 -1.89055 10.00000 0.8465814590 3.0909097493    0.790  2.299  3.7023  1.798    7  0.000  0.530     0.00     0.00     0.00     0.00     0.00 -1    -1e-30      0.00 7.533e-01 2.465e-01 3.369e-05 9.552e-06 8.482e-05 -1.000 2.000e-04 -0.977 -1.085 -1.356 -1.362 -1.412 -1.405 -1.339
0.0002 -1.89055 10.00000 0.8465988040 3.0909164390    0.790  2.342  3.6997  1.745    7  0.000  0.530     0.00     0.00     0.00     0.00     0.00 -1    -1e-30      0.00 7.533e-01 2.465e-01 3.368e-05 9.552e-06 8.482e-05 -1.000 2.000e-04 -1.085 -1.193 -1.473 -1.479 -1.533 -1.528 -1.465
0.0002 -1.89055 10.00000 0.8466143608 3.0909224387    0.790  2.384  3.6972  1.693    7  0.000  0.529     0.00     0.00     0.00     0.00     0.00 -1    -1e-30      0.00 7.533e-01 2.465e-01 3.368e-05 9.553e-06 8.482e-05 -1.000 2.000e-04 -1.189 -1.298 -1.586 -1.592 -1.650 -1.648 -1.587
0.0002 -1.89055 10.00000 0.8466281891 3.0909277717    0.791  2.425  3.6947  1.642    7  0.000  0.529     0.00     0.00     0.00     0.00     0.00 -1    -1e-30      0.00 7.533e-01 2.465e-01 3.364e-05 9.566e-06 8.482e-05 -1.000 1.999e-04 -1.292 -1.400 -1.697 -1.703 -1.765 -1.765 -1.707
0.0002 -1.89055 10.00000 0.8466405869 3.0909325528    0.791  2.466  3.6924  1.592    7  0.000  0.527     0.00     0.00     0.00     0.00     0.00 -1    -1e-30      0.00 7.532e-01 2.466e-01 3.351e-05 9.646e-06 8.483e-05 -1.000 2.000e-04 -1.394 -1.502 -1.807 -1.813 -1.879 -1.881 -1.825
0.0002 -1.89055 10.00000 0.8466517329 3.0909368511    0.791  2.506  3.6900  1.541    7  0.000  0.521     6.11     4.94     3.52     2.72     2.20  3    -1e-30      0.00 7.531e-01 2.467e-01 3.314e-05 9.970e-06 8.485e-05 -1.000 2.000e-04 -1.496 -1.603 -1.917 -1.924 -1.993 -1.997 -1.944
0.0002 -1.89055 10.00000 0.8466618657 3.0909407586    0.791  2.547  3.6876  1.491    7  0.000  0.510     6.80     5.41     3.84     2.97     2.40  3    -1e-30      0.00 7.530e-01 2.468e-01 3.248e-05 1.069e-05 8.487e-05 -1.000 2.001e-04 -1.597 -1.703 -2.026 -2.033 -2.106 -2.113 -2.062
0.0002 -1.89055 10.00000 0.8466710448 3.0909442982    0.791  2.587  3.6852  1.442    7  0.000  0.498     7.55     5.92     4.19     3.24     2.62  3    -1e-30      0.00 7.528e-01 2.470e-01 3.168e-05 1.165e-05 8.489e-05 -1.000 1.933e-04 -1.698 -1.803 -2.134 -2.142 -2.219 -2.227 -2.179
0.0002 -1.89055 10.00000 0.8466794491 3.0909475389    0.791  2.627  3.6829  1.392    7  0.000  0.486     8.38     6.47     4.56     3.53     2.86  3    -1e-30      0.00 7.527e-01 2.471e-01 3.093e-05 1.257e-05 8.491e-05 -1.000 1.766e-04 -1.798 -1.902 -2.242 -2.250 -2.330 -2.341 -2.295
0.0002 -1.89055 10.00000 0.8466873169 3.0909505727    0.791  2.667  3.6805  1.343    7  0.000  0.475     9.31     7.07     4.96     3.85     3.12  3    -1e-30      0.00 7.525e-01 2.473e-01 3.026e-05 1.339e-05 8.492e-05 -1.000 1.783e-04 -1.897 -2.000 -2.349 -2.357 -2.442 -2.455 -2.411
0.0002 -1.89055 10.00000 0.8466947675 3.0909534456    0.791  2.706  3.6781  1.294    7  0.000  0.466    10.33     7.73     5.40     4.20     3.40  3    -1e-30      0.00 7.524e-01 2.475e-01 2.969e-05 1.410e-05 8.493e-05 -1.000 1.949e-04 -1.996 -2.097 -2.455 -2.464 -2.553 -2.568 -2.526
0.0002 -1.89055 10.00000 0.8467020392 3.0909562495    0.791  2.746  3.6757  1.245    7  0.000  0.458    11.47     8.45     5.88     4.58     3.71  3    -1e-30      0.00 7.522e-01 2.476e-01 2.920e-05 1.471e-05 8.494e-05 -1.000 1.609e-04 -2.095 -2.194 -2.562 -2.571 -2.663 -2.681 -2.642
0.0002 -1.89055 10.00000 0.8467090726 3.0909589614    0.791  2.786  3.6732  1.194    7  0.000  0.451    12.76     9.25     6.42     5.00     4.05  2    -1e-30      0.00 7.520e-01 2.478e-01 2.875e-05 1.526e-05 8.493e-05 -1.000 1.427e-04 -2.196 -2.292 -2.670 -2.680 -2.777 -2.797 -2.760
0.0002 -1.89055 10.00000 0.8467154503 3.0909614204    0.791  2.827  3.6707  1.144    7  0.000  0.446    14.20    10.14     7.00     5.46     4.42  2    -1e-30      0.00 7.518e-01 2.480e-01 2.837e-05 1.574e-05 8.490e-05 -1.000 1.991e-04 -2.297 -2.391 -2.779 -2.790 -2.890 -2.913 -2.878
0.0002 -1.89055 10.00000 0.8467213511 3.0909636956    0.791  2.870  3.6679  1.090    7  0.000  0.440    15.91    11.17     7.68     6.00     4.86  2    -1e-30      0.00 7.516e-01 2.482e-01 2.801e-05 1.619e-05 8.483e-05 -1.000 2.000e-04 -2.404 -2.496 -2.895 -2.906 -3.011 -3.037 -3.004
0.0002 -1.89055 10.00000 0.8467265368 3.0909656950    0.791  2.914  3.6651  1.034    7  0.000  0.436    17.92    12.36     8.46     6.62     5.37  2    -1e-30      0.00 7.514e-01 2.484e-01 2.770e-05 1.660e-05 8.473e-05 -1.000 2.000e-04 -2.515 -2.603 -3.014 -3.026 -3.137 -3.164 -3.135
0.0002 -1.89055 10.00000 0.8467305899 3.0909672577    0.791  2.955  3.6624  0.983    7  0.000  0.433    19.98    13.57     9.25     7.25     5.87  2    -1e-30      0.00 7.512e-01 2.486e-01 2.746e-05 1.696e-05 8.459e-05 -1.000 2.000e-04 -2.618 -2.701 -3.124 -3.137 -3.252 -3.282 -3.256
0.0002 -1.89055 10.00000 0.8467339873 3.0909685676    0.791  2.992  3.6600  0.936    7  0.000  0.431    22.05    14.75    10.02     7.86     6.37  2    -1e-30      0.00 7.510e-01 2.488e-01 2.728e-05 1.727e-05 8.444e-05 -1.000 2.000e-04 -2.709 -2.789 -3.223 -3.237 -3.356 -3.388 -3.364
0.0002 -1.89055 10.00000 0.8467373252 3.0909698545    0.791  3.029  3.6574  0.888    7  0.000  0.429    24.39    16.08    10.88     8.55     6.93  1    -1e-30      0.00 7.509e-01 2.489e-01 2.713e-05 1.756e-05 8.427e-05 -1.000 2.001e-04 -2.803 -2.879 -3.325 -3.339 -3.463 -3.497 -3.476
0.0002 -1.89055 10.00000 0.8467403054 3.0909710035    0.791  3.083  3.6537  0.820    7  0.000  0.428    28.22    18.21    12.25     9.64     7.82  1    -1e-30      0.00 7.507e-01 2.491e-01 2.702e-05 1.782e-05 8.411e-05 -1.000 1.999e-04 -2.938 -3.007 -3.471 -3.486 -3.617 -3.654 -3.636
0.0002 -1.89055 10.00000 0.8467431068 3.0909720836    0.791  3.196  3.6454  0.673    7  0.000  0.427    38.48    23.73    15.77    12.46    10.11  1    -1e-30      0.00 7.500e-01 2.498e-01 2.655e-05 1.940e-05 8.298e-05 -1.000 1.991e-04 -3.220 -3.265 -3.773 -3.790 -3.939 -3.984 -3.975
0.0002 -1.89055 10.00000 0.8467432857 3.0909721525    0.791  3.205  3.6447  0.662    7  0.000  0.426    39.41    24.22    16.08    12.71    10.32  1    -1e-30      0.00 7.500e-01 2.498e-01 2.652e-05 1.947e-05 8.293e-05 -1.000 1.989e-04 -3.242 -3.285 -3.797 -3.813 -3.964 -4.010 -4.001
0.0002 -1.89055 10.00000 0.8467434645 3.0909722214    0.791  3.220  3.6436  0.643    7  0.000  0.426    41.07    25.09    16.63    13.15    10.68  1    -1e-30      0.00 7.499e-01 2.499e-01 2.647e-05 1.966e-05 8.279e-05 -1.000 1.989e-04 -3.280 -3.319 -3.837 -3.854 -4.007 -4.054 -4.047
0.0002 -1.89055 10.00000 0.8467437625 3.0909723363    0.791  3.244  3.6419  0.611    7  0.000  0.426    43.88    26.54    17.55    13.89    11.28  1    -1e-30      0.00 7.497e-01 2.501e-01 2.638e-05 1.996e-05 8.258e-05 -1.000 1.992e-04 -3.340 -3.374 -3.901 -3.919 -4.075 -4.124 -4.119
0.0002 -1.89055 10.00000 0.8467442989 3.0909725432    0.791  3.288  3.6386  0.554    7  0.000  0.425    49.56    29.45    19.39    15.36    12.48  1    -1e-30      0.00 7.495e-01 2.503e-01 2.621e-05 2.051e-05 8.218e-05 -1.000 1.998e-04 -3.451 -3.473 -4.019 -4.038 -4.201 -4.254 -4.252
0.0002 -1.89055 10.00000 0.8467444777 3.0909726121    0.791  3.300  3.6377  0.538    7  0.539  0.425    51.23    30.29    19.92    15.79    12.82  1    -1e-30      0.00 7.494e-01 2.504e-01 2.616e-05 2.066e-05 8.207e-05 -1.000 1.999e-04 -3.481 -3.500 -4.051 -4.070 -4.235 -4.289 -4.289
0.0002 -1.89055 10.00000 0.8467445970 3.0909726581    0.791  3.307  3.6333  0.514    8  0.525  0.441    53.89    31.63    20.75    16.46    13.37  1 -4.66e-07      0.00 7.494e-01 2.504e-01 2.736e-05 2.077e-05 8.274e-05 -1.000 1.563e-04 -3.497 -3.498 -4.073 -4.092 -4.268 -4.328 -4.333
0.0002 -1.89055 10.00000 0.8467446566 3.0909726810    0.788  3.099  3.6489  0.784    8  0.525  0.441    30.44    19.42    13.03    10.26     8.33  1 -2.03e-07      0.00 7.494e-01 2.504e-01 2.736e-05 2.077e-05 8.274e-05 -1.000 1.563e-04 -2.977 -3.032 -3.519 -3.535 -3.677 -3.719 -3.707
0.0002 -1.89055 10.00000 0.8467447758 3.0909727270    0.786  2.950  3.6599  0.975    8  0.525  0.441    20.28    13.74     9.36     7.33     5.95  2 -1.18e-07      0.00 7.494e-01 2.504e-01 2.736e-05 2.077e-05 8.274e-05 -1.000 1.563e-04 -2.605 -2.685 -3.118 -3.131 -3.251 -3.283 -3.260
0.0002 -1.89055 10.00000 0.8467450142 3.0909728189    0.780  2.737  3.6756  1.247    8  0.526  0.441    11.36     8.38     5.84     4.54     3.68  3 -5.94e-08      0.00 7.494e-01 2.504e-01 2.736e-05 2.077e-05 8.274e-05 -1.000 1.564e-04 -2.073 -2.172 -2.540 -2.549 -2.642 -2.660 -2.620
0.0002 -1.89055 10.00000 0.8467453718 3.0909729568    0.772  2.743  3.6749  1.234    8  0.526  0.441    11.63     8.55     5.95     4.63     3.75  3  -6.1e-08      0.00 7.494e-01 2.504e-01 2.736e-05 2.077e-05 8.274e-05 -1.000 1.563e-04 -2.087 -2.185 -2.556 -2.565 -2.659 -2.677 -2.639
0.0002 -1.89055 10.00000 0.8467457891 3.0909731177    0.762  2.827  3.6683  1.117    8  0.526  0.441    14.86    10.53     7.26     5.67     4.59  2 -8.08e-08      0.00 7.494e-01 2.504e-01 2.736e-05 2.077e-05 8.274e-05 -1.000 1.563e-04 -2.299 -2.390 -2.788 -2.799 -2.903 -2.928 -2.896
0.0002 -1.89055 10.00000 0.8467462659 3.0909733015    0.750  3.007  3.6545  0.875    8  0.526  0.441    24.75    16.25    10.97     8.64     7.00  1 -1.53e-07      0.00 7.494e-01 2.504e-01 2.736e-05 2.077e-05 8.274e-05 -1.000 1.563e-04 -2.748 -2.819 -3.278 -3.292 -3.422 -3.459 -3.441
0.0002 -1.89055 10.00000 0.8467468619 3.0909735313    0.736  3.169  3.6420  0.655    8  0.527  0.441    39.37    24.08    15.97    12.65    10.26  1 -2.92e-07      0.00 7.494e-01 2.504e-01 2.736e-05 2.077e-05 8.274e-05 -1.000 1.564e-04 -3.153 -3.187 -3.712 -3.730 -3.886 -3.936 -3.931
0.0002 -1.89055 10.00000 0.8467475772 3.0909738071    0.720  3.278  3.6334  0.503    8  0.527  0.441    54.18    31.51    20.64    16.43    13.34  1 -4.71e-07      0.00 7.494e-01 2.504e-01 2.736e-05 2.077e-05 8.274e-05 -1.000 1.563e-04 -3.424 -3.425 -4.000 -4.020 -4.196 -4.255 -4.260
0.0002 -1.89055 10.00000 0.8467483521 3.0909741058    0.703  3.337  3.6284  0.413    8  0.528  0.441    65.39    36.87    23.96    19.14    15.54  1 -6.33e-07      0.00 7.494e-01 2.504e-01 2.736e-05 2.077e-05 8.274e-05 -1.000 1.564e-04 -3.573 -3.551 -4.161 -4.181 -4.369 -4.433 -4.443
0.0002 -1.89055 10.00000 0.8467491865 3.0909744275    0.684  3.367  3.6255  0.360    8  0.528  0.441    72.89    40.30    26.07    20.87    16.94  0 -7.53e-07      0.00 7.494e-01 2.504e-01 2.736e-05 2.077e-05 8.274e-05 -1.000 1.564e-04 -3.648 -3.612 -4.242 -4.263 -4.457 -4.525 -4.537
0.0002 -1.89055 10.00000 0.8467501402 3.0909747952    0.664  3.385  3.6235  0.321    8  0.529  0.441    78.81    42.89    27.65    22.18    18.00  0 -8.54e-07      0.00 7.494e-01 2.504e-01 2.736e-05 2.077e-05 8.274e-05 -1.000 1.564e-04 -3.692 -3.645 -4.289 -4.312 -4.510 -4.580 -4.595
0.0002 -1.89055 10.00000 0.8467547894 3.0909765876    0.531 -9.999  4.0000  1.848    9  0.531  0.000     0.00     0.00     0.00     0.00     0.00 -1    -1e-30      0.00 7.494e-01 2.504e-01 2.736e-05 2.077e-05 8.274e-05 -1.000 1.564e-04 29.767 30.329 30.764 30.800 31.143 31.314 31.563
#isochrone terminated
